0	0	200	1
0.2	0	200	0.999999981997207
0.4	0	200	0.999999808951318
0.6	0	200	0.999999239321904
0.8	0	200	0.999997972560772
1	0	200	0.999995663068774
1.2	0	200	0.999991927584233
1.4	0	200	0.999986349976772
1.6	0	200	0.999978484679876
1.8	0	200	0.99996785930342
2	0	200	0.999953976707826
2.2	0	200	0.999936316703114
2.4	0	200	0.999914337474986
2.6	0	200	0.999887476805559
2.8	0	200	0.999855153135565
3	0	200	0.999816766501618
3.2	0	200	0.999771699373368
3.4	0	200	0.999719317409367
3.6	0	200	0.999658970146214
3.8	0	200	0.999589991632466
4	0	200	0.99951170101653
4.2	0	200	0.999423403096031
4.4	0	200	0.999324388834817
4.6	0	200	0.999213935852764
4.8	0	200	0.999091308892703
5	0	200	0.99895576026816
5.2	0	200	0.998806530295076
5.4	0	200	0.998642847710242
5.6	0	200	0.998463930078837
5.8	0	200	0.998268984193156
6	0	200	0.998057206464393
6.2	0	200	0.9978277833091
6.4	0	200	0.997579891531805
6.6	0	200	0.997312698705096
6.8	0	200	0.997025363548366
7	0	200	0.996717036306281
7.2	0	200	0.996386859127952
7.4	0	200	0.996033966447701
7.6	0	200	0.995657485368225
7.8	0	200	0.995256536046905
8	0	200	0.994830232085947
8.2	0	200	0.994377680926959
8.4	0	200	0.993897984250573
8.6	0	200	0.993390238381606
8.8	0	200	0.992853534700271
9	0	200	0.992286960059879
9.2	0	200	0.991689597211432
9.4	0	200	0.991060525235504
9.6	0	200	0.990398819981733
9.8	0	200	0.989703554516255
10	0	200	0.988973799577353
10.2	0	200	0.988208624039575
10.4	0	200	0.987407095386564
10.6	0	200	0.986568280192789
10.8	0	200	0.985691244614356
11	0	200	0.984775054889053
11.2	0	200	0.983818777845759
11.4	0	200	0.982821481423314
11.6	0	200	0.981782235198928
11.8	0	200	0.980700110926191
12	0	200	0.979574183082707
12.2	0	200	0.978403529427367
12.4	0	200	0.977187231567241
12.6	0	200	0.975924375534043
12.8	0	200	0.974614052370128
13	0	200	0.9732553587239
13.2	0	200	0.971847397454558
13.4	0	200	0.970389278246019
13.6	0	200	0.968880118229864
13.8	0	200	0.967319042617146
14	0	200	0.965705185338819
14.2	0	200	0.964037689694589
14.4	0	200	0.962315709009914
14.6	0	200	0.960538407300878
14.8	0	200	0.958704959946642
15	0	200	0.956814554369124
15.2	0	200	0.954866390719583
15.4	0	200	0.952859682571697
15.6	0	200	0.950793657620759
15.8	0	200	0.94866755838854
16	0	200	0.946480642933385
16.2	0	200	0.944232185565044
16.4	0	200	0.941921477563746
16.6	0	200	0.939547827902994
16.8	0	200	0.937110563975503
17	0	200	0.934609032321731
17.2	0	200	0.932042599360382
17.4	0	200	0.92941065212026
17.6	0	200	0.926712598972823
17.8	0	200	0.923947870364759
18	0	200	0.921115919549895
18.2	0	200	0.918216223319704
18.4	0	200	0.915248282731677
18.6	0	200	0.912211623834788
18.8	0	200	0.909105798391267
19	0	200	0.905930384593877
19.2	0	200	0.902684987777849
19.4	0	200	0.899369241126651
19.6	0	200	0.895982806370702
19.8	0	200	0.892525374478156
20	0	200	0.888996666336851
20.2	0	200	0.885396433426502
20.4	0	200	0.881724458480199
20.6	0	200	0.877980556134278
20.8	0	200	0.874164573565573
21	0	200	0.870276391115101
21.2	0	200	0.866315922897184
21.4	0	200	0.862283117393005
21.6	0	200	0.858177958027607
21.8	0	200	0.854000463729317
22	0	200	0.849750689470578
22.2	0	200	0.845428726789172
22.4	0	200	0.841034704288809
22.6	0	200	0.836568788118054
22.8	0	200	0.83203118242658
23	0	200	0.827422129797714
23.2	0	200	0.822741911656267
23.4	0	200	0.817990848650631
23.6	0	200	0.813169301008152
23.8	0	200	0.808277668862771
24	0	200	0.803316392553968
24.2	0	200	0.798285952896024
24.4	0	200	0.79318687141667
24.6	0	200	0.788019710564167
24.8	0	200	0.782785073881924
25	0	200	0.777483606149748
25.2	0	200	0.772115993490862
25.4	0	200	0.766682963443854
25.6	0	200	0.761185284998734
25.8	0	200	0.75562376859633
26	0	200	0.749999266090259
26.2	0	200	0.744312670670769
26.4	0	200	0.738564916749767
26.6	0	200	0.732756979806399
26.8	0	200	0.726889876192584
27	0	200	0.720964662897943
27.2	0	200	0.714982437273622
27.4	0	200	0.708944336714548
27.6	0	200	0.702851538299702
27.8	0	200	0.696705258390051
28	0	200	0.69050675218384
28.2	0	200	0.684257313228986
28.4	0	200	0.677958272892391
28.6	0	200	0.67161099978602
28.8	0	200	0.665216899149707
29	0	200	0.658777412190637
29.2	0	200	0.652294015379588
29.4	0	200	0.645768219704044
29.6	0	200	0.639201569878352
29.8	0	200	0.632595643511194
30	0	200	0.625952050230686
30.2	0	200	0.6192724307675
30.4	0	200	0.612558455996467
30.6	0	200	0.605811825937201
30.8	0	200	0.599034268714354
31	0	200	0.592227539478166
31.2	0	200	0.585393419286084
31.4	0	200	0.578533713946261
31.6	0	200	0.571650252823833
31.8	0	200	0.56474488761096
32	0	200	0.557819491061663
32.2	0	200	0.550875955692575
32.4	0	200	0.543916192450811
32.6	0	200	0.536942129350191
32.8	0	200	0.529955710077172
33	0	200	0.522958892567876
33.2	0	200	0.515953647557674
33.4	0	200	0.508941957104884
33.6	0	200	0.501925813090151
33.8	0	200	0.494907215693196
34	0	200	0.487888171848633
34.2	0	200	0.48087069368265
34.4	0	200	0.473856796932394
34.6	0	200	0.466848499349923
34.8	0	200	0.459847819092703
35	0	200	0.452856773102609
35.2	0	200	0.445877375475484
35.4	0	200	0.438911635823319
35.6	0	200	0.43196155763118
35.8	0	200	0.425029136611023
36	0	200	0.418116359054588
36.2	0	200	0.411225200187568
36.4	0	200	0.404357622527304
36.6	0	200	0.397515574246241
36.8	0	200	0.390700987543427
37	0	200	0.383915777026327
37.2	0	200	0.377161838105246
37.4	0	200	0.370441045402642
37.6	0	200	0.363755251179625
37.8	0	200	0.357106283781921
38	0	200	0.350495946107565
38.2	0	200	0.343926014098596
38.4	0	200	0.337398235258959
38.6	0	200	0.330914327200851
38.8	0	200	0.324475976221677
39	0	200	0.318084835913758
39.2	0	200	0.311742525808904
39.4	0	200	0.305450630059907
39.6	0	200	0.299210696160967
39.8	0	200	0.29302423370901
40	0	200	0.286892713207808
40.2	0	200	0.280817564916718
40.4	0	200	0.274800177745833
40.6	0	200	0.268841898199239
40.8	0	200	0.262944029367999
41	0	200	0.257107829974417
41.2	0	200	0.251334513469045
41.4	0	200	0.245625247181808
41.6	0	200	0.239981151528538
41.8	0	200	0.234403299274109
42	0	200	0.228892714853271
42.2	0	200	0.223450373750186
42.4	0	200	0.218077201937551
42.6	0	200	0.212774075376113
42.8	0	200	0.207541819575256
43	0	200	0.202381209215232
43.2	0	200	0.19729296783151
43.4	0	200	0.192277767561589
43.6	0	200	0.187336228954525
43.8	0	200	0.182468920843289
44	0	200	0.177676360279977
44.2	0	200	0.172959012533763
44.4	0	200	0.168317291151383
44.6	0	200	0.16375155807981
44.8	0	200	0.15926212385068
45	0	200	0.154849247825905
45.2	0	200	0.150513138503801
45.4	0	200	0.146253953884943
45.6	0	200	0.142071801896867
45.8	0	200	0.137966740876593
46	0	200	0.133938780109891
46.2	0	200	0.129987880426065
46.4	0	200	0.126113954846949
46.6	0	200	0.122316869288711
46.8	0	200	0.118596443314967
47	0	200	0.114952450939615
47.2	0	200	0.111384621477717
47.4	0	200	0.107892640442663
47.6	0	200	0.104476150487799
47.8	0	200	0.101134752390586
48	0	200	0.097868006077344
48.2	0	200	0.0946754316865066
48.4	0	200	0.0915565106683127
48.6	0	200	0.0885106869187648
48.8	0	200	0.0855373679456568
49	0	200	0.0826359260644244
49.2	0	200	0.0798056996215319
49.4	0	200	0.0770459942430789
49.6	0	200	0.0743560841062841
49.8	0	200	0.0717352132314785
50	0	200	0.0691825967922304
50.2	0	200	0.0666974224412089
50.4	0	200	0.064278851649392
50.6	0	200	0.0619260210562269
50.8	0	200	0.0596380438283542
51	0	200	0.0574140110245248
51.2	0	200	0.0552529929643511
51.4	0	200	0.0531540405985631
51.6	0	200	0.0511161868784646
51.8	0	200	0.0491384481223196
52	0	200	0.0472198253764407
52.2	0	200	0.0453593057687911
52.4	0	200	0.0435558638529619
52.6	0	200	0.0418084629404416
52.8	0	200	0.0401160564191479
53	0	200	0.0384775890562575
53.2	0	200	0.0368919982834318
53.4	0	200	0.0353582154626073
53.6	0	200	0.0338751671305911
53.8	0	200	0.0324417762207777
54	0	200	0.031056963260383
54.2	0	200	0.0297196475416697
54.4	0	200	0.0284287482657257
54.6	0	200	0.0271831856574396
54.8	0	200	0.0259818820504065
55	0	200	0.0248237629405883
55.2	0	200	0.0237077580076371
55.4	0	200	0.0226328021028903
55.6	0	200	0.0215978362031303
55.8	0	200	0.0206018083292996
56	0	200	0.0196436744294528
56.2	0	200	0.0187223992253185
56.4	0	200	0.017836957021941
56.6	0	200	0.0169863324799568
56.8	0	200	0.0161695213501577
57	0	200	0.0153855311700793
57.2	0	200	0.0146333819224415
57.4	0	200	0.0139121066553561
57.6	0	200	0.0132207520643002
57.8	0	200	0.0125583790359374
58	0	200	0.0119240631539503
58.2	0	200	0.0113168951671237
58.4	0	200	0.0107359814199963
58.6	0	200	0.0101804442464703
58.8	0	200	0.00964942232683683
59	0	200	0.00914207100874543
59.2	0	200	0.00865756259270539
59.4	0	200	0.00819508658277082
59.6	0	200	0.00775384990311591
59.8	0	200	0.00733307708126117
60	0	200	0.00693201039876192
