0	0	200	1
0.2	0	200	0.999999999927098
0.4	0	200	0.999999998468156
0.6	0	200	0.999999990904798
0.8	0	200	0.999999967812387
1	0	200	0.999999914211242
1.2	0	200	0.999999808888602
1.4	0	200	0.999999623820778
1.6	0	200	0.99999932366339
1.8	0	200	0.999998865291684
2	0	200	0.999998197379642
2.2	0	200	0.999997260010244
2.4	0	200	0.999995984311445
2.6	0	200	0.999994292113833
2.8	0	200	0.999992095626893
3	0	200	0.999989297131471
3.2	0	200	0.999985788686508
3.4	0	200	0.999981451848499
3.6	0	200	0.999976157402386
3.8	0	200	0.999969765102836
4	0	200	0.99996212342501
4.2	0	200	0.999953069324083
4.4	0	200	0.999942428002877
4.6	0	200	0.999930012687077
4.8	0	200	0.999915624407587
5	0	200	0.99989905178962
5.2	0	200	0.999880070848223
5.4	0	200	0.99985844478995
5.6	0	200	0.999833923820465
5.8	0	200	0.999806244957891
6	0	200	0.999775131851757
6.2	0	200	0.999740294607429
6.4	0	200	0.999701429615949
6.6	0	200	0.999658219389223
6.8	0	200	0.999610332400524
7	0	200	0.999557422930328
7.2	0	200	0.999499130917476
7.4	0	200	0.99943508181573
7.6	0	200	0.999364886455759
7.8	0	200	0.999288140912668
8	0	200	0.999204426379149
8.2	0	200	0.999113309044378
8.4	0	200	0.99901433997881
8.6	0	200	0.998907055025015
8.8	0	200	0.998790974694728
9	0	200	0.998665604072312
9.2	0	200	0.998530432724829
9.4	0	200	0.998384934618954
9.6	0	200	0.998228568044949
9.8	0	200	0.998060775547973
10	0	200	0.997880983866977
10.2	0	200	0.997688603881481
10.4	0	200	0.997483030566519
10.6	0	200	0.997263642956068
10.8	0	200	0.997029804115295
11	0	200	0.996780861121943
11.2	0	200	0.996516145057234
11.4	0	200	0.996234971006633
11.6	0	200	0.995936638070874
11.8	0	200	0.995620429387621
12	0	200	0.995285612164187
12.2	0	200	0.994931437721725
12.4	0	200	0.994557141551315
12.6	0	200	0.994161943382395
12.8	0	200	0.993745047263989
13	0	200	0.993305641659198
13.2	0	200	0.99284289955342
13.4	0	200	0.992355978576795
13.6	0	200	0.991844021141368
13.8	0	200	0.991306154593458
14	0	200	0.990741491381768
14.2	0	200	0.990149129241739
14.4	0	200	0.989528151396672
14.6	0	200	0.988877626776166
14.8	0	200	0.988196610252399
15	0	200	0.987484142894788
15.2	0	200	0.986739252243595
15.4	0	200	0.985960952603009
15.6	0	200	0.985148245354265
15.8	0	200	0.984300119289352
16	0	200	0.983415550965859
16.2	0	200	0.982493505083517
16.4	0	200	0.981532934882972
16.6	0	200	0.980532782567358
16.8	0	200	0.97949197974718
17	0	200	0.978409447909064
17.2	0	200	0.977284098908895
17.4	0	200	0.976114835489849
17.6	0	200	0.974900551825837
17.8	0	200	0.973640134090849
18	0	200	0.972332461054676
18.2	0	200	0.970976404705475
18.4	0	200	0.969570830899621
18.6	0	200	0.968114600039269
18.8	0	200	0.966606567778038
19	0	200	0.965045585755182
19.2	0	200	0.963430502358619
19.4	0	200	0.961760163517129
19.6	0	200	0.960033413522027
19.8	0	200	0.958249095878569
20	0	200	0.95640605418732
20.2	0	200	0.954503133055681
20.4	0	200	0.952539179039715
20.6	0	200	0.950513041616392
20.8	0	200	0.948423574186315
21	0	200	0.946269635106944
21.2	0	200	0.944050088756281
21.4	0	200	0.941763806626944
21.6	0	200	0.93940966845048
21.8	0	200	0.936986563351719
22	0	200	0.934493391032919
22.2	0	200	0.931929062987379
22.4	0	200	0.929292503742126
22.6	0	200	0.926582652129235
22.8	0	200	0.923798462585235
23	0	200	0.920938906478028
23.2	0	200	0.918002973460623
23.4	0	200	0.914989672850934
23.6	0	200	0.911898035036816
23.8	0	200	0.908727112905407
24	0	200	0.905475983295773
24.2	0	200	0.902143748473763
24.4	0	200	0.898729537627885
24.6	0	200	0.895232508384928
24.8	0	200	0.891651848343947
25	0	200	0.887986776627162
25.2	0	200	0.884236545446177
25.4	0	200	0.880400441681871
25.6	0	200	0.876477788476187
25.8	0	200	0.872467946833944
26	0	200	0.868370317232712
26.2	0	200	0.864184341238651
26.4	0	200	0.859909503126166
26.6	0	200	0.855545331499057
26.8	0	200	0.85109140091081
27	0	200	0.846547333481513
27.2	0	200	0.841912800508813
27.4	0	200	0.83718752407022
27.6	0	200	0.832371278613955
27.8	0	200	0.827463892535449
28	0	200	0.822465249736511
28.2	0	200	0.81737529116406
28.4	0	200	0.81219401632527
28.6	0	200	0.806921484775836
28.8	0	200	0.801557817578047
29	0	200	0.796103198725197
29.2	0	200	0.790557876528872
29.4	0	200	0.784922164965508
29.6	0	200	0.779196444978605
29.8	0	200	0.773381165732881
30	0	200	0.767476845816637
30.2	0	200	0.761484074388525
30.4	0	200	0.755403512264891
30.6	0	200	0.74923589294384
30.8	0	200	0.742982023562128
31	0	200	0.736642785780999
31.2	0	200	0.730219136597064
31.4	0	200	0.723712109074326
31.6	0	200	0.717122812993491
31.8	0	200	0.71045243541471
32	0	200	0.70370224114995
32.2	0	200	0.696873573141243
32.4	0	200	0.689967852741112
32.6	0	200	0.682986579891573
32.8	0	200	0.675931333198174
33	0	200	0.668803769895654
33.2	0	200	0.661605625701906
33.4	0	200	0.654338714557065
33.6	0	200	0.647004928244688
33.8	0	200	0.639606235892136
34	0	200	0.63214468334745
34.2	0	200	0.624622392430208
34.4	0	200	0.617041560054018
34.6	0	200	0.609404457218559
34.8	0	200	0.601713427869274
35	0	200	0.593970887623087
35.2	0	200	0.586179322358758
35.4	0	200	0.578341286670774
35.6	0	200	0.570459402185944
35.8	0	200	0.562536355742185
36	0	200	0.55457489742927
36.2	0	200	0.546577838491659
36.4	0	200	0.53854804909385
36.6	0	200	0.530488455949043
36.8	0	200	0.522402039812261
37	0	200	0.514291832839439
37.2	0	200	0.506160915814371
37.4	0	200	0.498012415245783
37.6	0	200	0.489849500337188
37.8	0	200	0.48167537983257
38	0	200	0.473493298741361
38.2	0	200	0.465306534946552
38.4	0	200	0.457118395700201
38.6	0	200	0.448932214010997
38.8	0	200	0.440751344928948
39	0	200	0.432579161732652
39.2	0	200	0.42441905202503
39.4	0	200	0.416274413743754
39.6	0	200	0.408148651093033
39.8	0	200	0.40004517040375
40	0	200	0.39196737592935
40.2	0	200	0.383918665585201
40.4	0	200	0.375902426639498
40.6	0	200	0.36792203136412
40.8	0	200	0.35998083265412
41	0	200	0.352082159624855
41.2	0	200	0.344229313195991
41.4	0	200	0.336425561671901
41.6	0	200	0.32867413632814
41.8	0	200	0.320978227013934
42	0	200	0.313340977780736
42.2	0	200	0.305765482547058
42.4	0	200	0.298254780809907
42.6	0	200	0.290811853413193
42.8	0	200	0.283439618383554
43	0	200	0.276140926844026
43.2	0	200	0.26891855901597
43.4	0	200	0.261775220319605
43.6	0	200	0.254713537583372
43.8	0	200	0.247736055372267
44	0	200	0.240845232445047
44.2	0	200	0.234043438350038
44.4	0	200	0.227332950169013
44.6	0	200	0.220715949418319
44.8	0	200	0.21419451911609
45	0	200	0.207770641024051
45.2	0	200	0.201446193071982
45.4	0	200	0.195222946972495
45.6	0	200	0.189102566033308
45.8	0	200	0.183086603173664
46	0	200	0.177176499151055
46.2	0	200	0.171373581003793
46.4	0	200	0.165679060714402
46.6	0	200	0.160094034098181
46.8	0	200	0.154619479920608
47	0	200	0.149256259246637
47.2	0	200	0.144005115024191
47.4	0	200	0.138866671903484
47.6	0	200	0.133841436293069
47.8	0	200	0.128929796652775
48	0	200	0.124132024022942
48.2	0	200	0.119448272788633
48.4	0	200	0.11487858167675
48.6	0	200	0.110422874983187
48.8	0	200	0.106080964026493
49	0	200	0.101852548823678
49.2	0	200	0.097737219983161
49.4	0	200	0.0937344608090781
49.6	0	200	0.0898436496105157
49.8	0	200	0.0860640622085445
50	0	200	0.0823948746332848
50.2	0	200	0.0788351660026149
50.4	0	200	0.0753839215735454
50.6	0	200	0.0720400359567258
50.8	0	200	0.0688023164840325
51	0	200	0.0656694867187086
51.2	0	200	0.0626401900970878
51.4	0	200	0.0597129936905429
51.6	0	200	0.0568863920759538
51.8	0	200	0.0541588113026861
52	0	200	0.0515286129438317
52.2	0	200	0.0489940982192544
52.4	0	200	0.0465535121778445
52.6	0	200	0.0442050479262909
52.8	0	200	0.0419468508916359
53	0	200	0.0397770231048976
53.2	0	200	0.0376936274931017
53.4	0	200	0.0356946921671941
53.6	0	200	0.0337782146934653
53.8	0	200	0.0319421663363498
54	0	200	0.0301844962607292
54.2	0	200	0.0285031356821872
54.4	0	200	0.0268960019540361
54.6	0	200	0.0253610025803366
54.8	0	200	0.0238960391445924
55	0	200	0.0224990111442844
55.2	0	200	0.0211678197219429
55.4	0	200	0.0199003712840102
55.6	0	200	0.0186945809993427
55.8	0	200	0.0175483761698111
56	0	200	0.016459699466104
56.2	0	200	0.0154265120224945
56.4	0	200	0.0144467963850074
56.6	0	200	0.0135185593081097
56.8	0	200	0.0126398343957449
57	0	200	0.0118086845832281
57.2	0	200	0.0110232044572231
57.4	0	200	0.0102815224117166
57.6	0	200	0.00958180263859817
57.8	0	200	0.00892224695213172
58	0	200	0.00830109644727541
58.2	0	200	0.00771663299245071
58.4	0	200	0.00716718055799613
58.6	0	200	0.00665110638214331
58.8	0	200	0.00616682197693525
59	0	200	0.00571278397705853
59.2	0	200	0.00528749483508046
59.4	0	200	0.00488950336707295
59.6	0	200	0.00451740515305576
59.8	0	200	0.00416984279711126
60	0	200	0.0038455060524014
