0	0	200	1
0.2	0	200	0.999999999917126
0.4	0	200	0.999999998210047
0.6	0	200	0.999999989199859
0.8	0	200	0.999999961339696
1	0	200	0.999999896043004
1.2	0	200	0.999999766733146
1.4	0	200	0.999999538024765
1.6	0	200	0.999999164995594
1.8	0	200	0.999998592525331
2	0	200	0.999997754686787
2.2	0	200	0.999996574179269
2.4	0	200	0.999994961796979
2.6	0	200	0.999992815927097
2.8	0	200	0.999990022073432
3	0	200	0.999986452402428
3.2	0	200	0.999981965308955
3.4	0	200	0.999976404999801
3.6	0	200	0.999969601093143
3.8	0	200	0.999961368232594
4	0	200	0.999951505714638
4.2	0	200	0.999939797128447
4.4	0	200	0.999926010007285
4.6	0	200	0.999909895490755
4.8	0	200	0.999891187997345
5	0	200	0.999869604906759
5.2	0	200	0.999844846251641
5.4	0	200	0.999816594418372
5.6	0	200	0.999784513856671
5.8	0	200	0.999748250797805
6	0	200	0.999707432981275
6.2	0	200	0.999661669389863
6.4	0	200	0.999610549993032
6.6	0	200	0.999553645498633
6.8	0	200	0.999490507113006
7	0	200	0.999420666309521
7.2	0	200	0.999343634605689
7.4	0	200	0.999258903349005
7.6	0	200	0.999165943511698
7.8	0	200	0.999064205494617
8	0	200	0.998953118940508
8.2	0	200	0.998832092556971
8.4	0	200	0.998700513949403
8.6	0	200	0.998557749464295
8.8	0	200	0.998403144043247
9	0	200	0.99823602108811
9.2	0	200	0.998055682337704
9.4	0	200	0.997861407756563
9.6	0	200	0.997652455436213
9.8	0	200	0.997428061509502
10	0	200	0.99718744007853
10.2	0	200	0.99692978315676
10.4	0	200	0.996654260625913
10.6	0	200	0.99636002020828
10.8	0	200	0.996046187455103
11	0	200	0.995711865751718
11.2	0	200	0.995356136340153
11.4	0	200	0.994978058359931
11.6	0	200	0.99457666890782
11.8	0	200	0.994150983117321
12	0	200	0.993699994258686
12.2	0	200	0.993222673860306
12.4	0	200	0.992717971852294
12.6	0	200	0.992184816733154
12.8	0	200	0.991622115760394
13	0	200	0.991028755166016
13.2	0	200	0.990403600397774
13.4	0	200	0.989745496387158
13.6	0	200	0.989053267845048
13.8	0	200	0.988325719585989
14	0	200	0.987561636882087
14.2	0	200	0.986759785847488
14.4	0	200	0.985918913854436
14.6	0	200	0.98503774998192
14.8	0	200	0.984115005497899
15	0	200	0.983149374376111
15.2	0	200	0.982139533848477
15.4	0	200	0.981084144994085
15.6	0	200	0.979981853365763
15.8	0	200	0.978831289655213
16	0	200	0.977631070397692
16.2	0	200	0.976379798717189
16.4	0	200	0.975076065113044
16.6	0	200	0.97371844828894
16.8	0	200	0.972305516025139
17	0	200	0.970835826094861
17.2	0	200	0.969307927225618
17.4	0	200	0.967720360106317
17.6	0	200	0.966071658440892
17.8	0	200	0.964360350049166
18	0	200	0.962584958015636
18.2	0	200	0.960744001886771
18.4	0	200	0.958835998917394
18.6	0	200	0.956859465366632
18.8	0	200	0.954812917843865
19	0	200	0.952694874705028
19.2	0	200	0.950503857499524
19.4	0	200	0.948238392467965
19.6	0	200	0.945897012090814
19.8	0	200	0.943478256687953
20	0	200	0.940980676069076
20.2	0	200	0.938402831234707
20.4	0	200	0.935743296127531
20.6	0	200	0.933000659433608
20.8	0	200	0.930173526432921
21	0	200	0.927260520898572
21.2	0	200	0.924260287043801
21.4	0	200	0.921171491515891
21.6	0	200	0.917992825435828
21.8	0	200	0.914723006482478
22	0	200	0.911360781019854
22.2	0	200	0.907904926265907
22.4	0	200	0.904354252501077
22.6	0	200	0.9007076053147
22.8	0	200	0.896963867887161
23	0	200	0.89312196330552
23.2	0	200	0.889180856910133
23.4	0	200	0.885139558669613
23.6	0	200	0.880997125581277
23.8	0	200	0.876752664094021
24	0	200	0.872405332550369
24.2	0	200	0.867954343644247
24.4	0	200	0.863398966890805
24.6	0	200	0.858738531104428
24.8	0	200	0.853972426880861
25	0	200	0.849100109079151
25.2	0	200	0.844121099298937
25.4	0	200	0.839034988348372
25.6	0	200	0.833841438697793
25.8	0	200	0.828540186914032
26	0	200	0.82313104607008
26.2	0	200	0.817613908124609
26.4	0	200	0.81198874626568
26.6	0	200	0.806255617212795
26.8	0	200	0.800414663471245
27	0	200	0.79446611553258
27.2	0	200	0.788410294014852
27.4	0	200	0.78224761173614
27.6	0	200	0.775978575714735
27.8	0	200	0.769603789089238
28	0	200	0.763123952951743
28.2	0	200	0.75653986808714
28.4	0	200	0.749852436611551
28.6	0	200	0.743062663502806
28.8	0	200	0.736171658015876
29	0	200	0.729180634976119
29.2	0	200	0.722090915943217
29.4	0	200	0.714903930238712
29.6	0	200	0.707621215830087
29.8	0	200	0.700244420064396
30	0	200	0.692775300244587
30.2	0	200	0.685215724041731
30.4	0	200	0.677567669736557
30.6	0	200	0.669833226283862
30.8	0	200	0.662014593193565
31	0	200	0.654114080222419
31.2	0	200	0.646134106870652
31.4	0	200	0.638077201678124
31.6	0	200	0.629946001314883
31.8	0	200	0.621743249461401
32	0	200	0.613471795474125
32.2	0	200	0.605134592832444
32.4	0	200	0.596734697363563
32.6	0	200	0.588275265242345
32.8	0	200	0.579759550763618
33	0	200	0.571190903885041
33.2	0	200	0.562572767539185
33.4	0	200	0.553908674714081
33.6	0	200	0.545202245302137
33.8	0	200	0.536457182717974
34	0	200	0.527677270286409
34.2	0	200	0.518866367402541
34.4	0	200	0.510028405466607
34.6	0	200	0.501167383597015
34.8	0	200	0.492287364125769
35	0	200	0.483392467881221
35.2	0	200	0.474486869263916
35.4	0	200	0.465574791122103
35.6	0	200	0.456660499434254
35.8	0	200	0.447748297806783
36	0	200	0.438842521795944
36.2	0	200	0.429947533063703
36.4	0	200	0.421067713378178
36.6	0	200	0.41220745847002
36.8	0	200	0.403371171756899
37	0	200	0.394563257948994
37.2	0	200	0.38578811654912
37.4	0	200	0.377050135261862
37.6	0	200	0.368353683326689
37.8	0	200	0.359703104790741
38	0	200	0.351102711737509
38.2	0	200	0.342556777488229
38.4	0	200	0.334069529793291
38.6	0	200	0.32564514403143
38.8	0	200	0.317287736434853
39	0	200	0.309001357358807
39.2	0	200	0.300789984614361
39.4	0	200	0.292657516883383
39.6	0	200	0.284607767234825
39.8	0	200	0.27664445676152
40	0	200	0.268771208356648
40.2	0	200	0.260991540648979
40.4	0	200	0.253308862115798
40.6	0	200	0.245726465392203
40.8	0	200	0.238247521795108
41	0	200	0.230875076079895
41.2	0	200	0.223612041447129
41.4	0	200	0.216461194816207
41.6	0	200	0.209425172382122
41.8	0	200	0.202506465470781
42	0	200	0.1957074167075
42.2	0	200	0.189030216512379
42.4	0	200	0.182476899935308
42.6	0	200	0.176049343842254
42.8	0	200	0.169749264463416
43	0	200	0.163578215312596
43.2	0	200	0.157537585485928
43.4	0	200	0.151628598346767
43.6	0	200	0.145852310602228
43.8	0	200	0.140209611775429
44	0	200	0.134701224076092
44.2	0	200	0.129327702670674
44.4	0	200	0.124089436351715
44.6	0	200	0.118986648604584
44.8	0	200	0.114019399068312
45	0	200	0.109187585385651
45.2	0	200	0.104490945436033
45.4	0	200	0.0999290599435779
45.6	0	200	0.0955013554508631
45.8	0	200	0.0912071076477114
46	0	200	0.0870454450428715
46.2	0	200	0.0830153529651153
46.4	0	200	0.0791156778789913
46.6	0	200	0.0753451319992399
46.8	0	200	0.0717022981867286
47	0	200	0.0681856351076875
47.2	0	200	0.0647934826370262
47.4	0	200	0.061524067485625
47.6	0	200	0.0583755090306742
47.8	0	200	0.0553458253274422
48	0	200	0.0524329392802516
48.2	0	200	0.0496346849499535
48.4	0	200	0.0469488139748168
48.6	0	200	0.0443730020814888
48.8	0	200	0.041904855662538
49	0	200	0.0395419183970676
49.2	0	200	0.0372816778909758
49.4	0	200	0.0351215723136505
49.6	0	200	0.0330589970082071
49.8	0	200	0.0310913110528184
50	0	200	0.0292158437512292
50.2	0	200	0.027429901031202
50.4	0	200	0.0257307717303971
50.6	0	200	0.0241157337500373
50.8	0	200	0.0225820600576516
51	0	200	0.0211270245212191
51.2	0	200	0.0197479075581299
51.4	0	200	0.0184420015835607
51.6	0	200	0.0172066162440872
51.8	0	200	0.0160390834236469
52	0	200	0.0149367620102929
52.2	0	200	0.0138970424135456
52.4	0	200	0.0129173508235417
52.6	0	200	0.0119951532045868
52.8	0	200	0.0111279590171362
53	0	200	0.0103133246636427
53.2	0	200	0.00954885665511616
53.4	0	200	0.0088322144966255
53.6	0	200	0.00816111329133284
53.8	0	200	0.00753332606397185
54	0	200	0.0069466858059641
54.2	0	200	0.00639908724559429
54.4	0	200	0.00588848834783977
54.6	0	200	0.00541291154955638
54.8	0	200	0.00497044473676404
55	0	200	0.00455924197174071
55.2	0	200	0.00417752397852171
55.4	0	200	0.00382357839620774
55.6	0	200	0.00349575981020744
55.8	0	200	0.00319248957217625
56	0	200	0.00291225541996193
56.2	0	200	0.00265361090932672
56.4	0	200	0.00241517466958936
56.6	0	200	0.0021956294956136
56.8	0	200	0.00199372128877001
57	0	200	0.00180825785961249
57.2	0	200	0.00163810760504496
57.4	0	200	0.00148219807271024
57.6	0	200	0.00133951442521488
57.8	0	200	0.00120909781661582
58	0	200	0.00109004369334116
58.2	0	200	0.00098150003140352
58.4	0	200	0.000882665521394497
58.6	0	200	0.00079278771232972
58.8	0	200	0.00071116112494946
59	0	200	0.000637125344577218
59.2	0	200	0.000570063103102409
59.4	0	200	0.000509398359089934
59.6	0	200	0.00045459438443391
59.8	0	200	0.000405151865371312
60	0	200	0.000360607025058522
