0	0	200	1
0.2	0	200	0.999999688191992
0.4	0	200	0.999997750364736
0.6	0	200	0.999992852722474
0.8	0	200	0.999983769408696
1	0	200	0.999969336760636
1.2	0	200	0.999948434852135
1.4	0	200	0.99991997735855
1.6	0	200	0.999882905174028
1.8	0	200	0.999836182049507
2	0	200	0.999778791444673
2.2	0	200	0.999709734166511
2.4	0	200	0.999628026546912
2.6	0	200	0.99953269900606
2.8	0	200	0.999422794901732
3	0	200	0.999297369596609
3.2	0	200	0.999155489695912
3.4	0	200	0.998996232420841
3.6	0	200	0.99881868509226
3.8	0	200	0.998621944705263
4	0	200	0.998405117579724
4.2	0	200	0.998167319075134
4.4	0	200	0.997907673360448
4.6	0	200	0.997625313231465
4.8	0	200	0.997319379969643
5	0	200	0.996989023237352
5.2	0	200	0.996633401005361
5.4	0	200	0.99625167950909
5.6	0	200	0.995843033230627
5.8	0	200	0.995406644904005
6	0	200	0.994941705541532
6.2	0	200	0.994447414479301
6.4	0	200	0.993922979440223
6.6	0	200	0.993367616613128
6.8	0	200	0.992780550746656
7	0	200	0.992161015256783
7.2	0	200	0.991508252346967
7.4	0	200	0.990821513139982
7.6	0	200	0.990100057820595
7.8	0	200	0.989343155788328
8	0	200	0.988550085819596
8.2	0	200	0.987720136238568
8.4	0	200	0.986852605096151
8.6	0	200	0.985946800356526
8.8	0	200	0.985002040090722
9	0	200	0.984017652676706
9.2	0	200	0.982992977005533
9.4	0	200	0.981927362693105
9.6	0	200	0.980820170297094
9.8	0	200	0.979670771538637
10	0	200	0.978478549528383
10.2	0	200	0.977242898996522
10.4	0	200	0.975963226526415
10.6	0	200	0.974638950791461
10.8	0	200	0.97326950279485
11	0	200	0.971854326111847
11.2	0	200	0.970392877134268
11.4	0	200	0.968884625316818
11.6	0	200	0.967329053424945
11.8	0	200	0.965725657783906
12	0	200	0.964073948528691
12.2	0	200	0.962373449854518
12.4	0	200	0.960623700267559
12.6	0	200	0.958824252835585
12.8	0	200	0.956974675438226
13	0	200	0.955074551016534
13.2	0	200	0.953123477821527
13.4	0	200	0.951121069661424
13.6	0	200	0.949066956147249
13.8	0	200	0.946960782936511
14	0	200	0.944802211974654
14.2	0	200	0.942590921733964
14.4	0	200	0.940326607449645
14.6	0	200	0.938008981352761
14.8	0	200	0.935637772899736
15	0	200	0.933212728998129
15.2	0	200	0.930733614228372
15.4	0	200	0.928200211061195
15.6	0	200	0.925612320070425
15.8	0	200	0.922969760140882
16	0	200	0.920272368671081
16.2	0	200	0.917520001770447
16.4	0	200	0.914712534450759
16.6	0	200	0.91184986081155
16.8	0	200	0.908931894219166
17	0	200	0.905958567479229
17.2	0	200	0.902929833002207
17.4	0	200	0.899845662961833
17.6	0	200	0.89670604944611
17.8	0	200	0.893511004600626
18	0	200	0.890260560763925
18.2	0	200	0.886954770594681
18.4	0	200	0.883593707190424
18.6	0	200	0.880177464197567
18.8	0	200	0.876706155912494
19	0	200	0.873179917373478
19.2	0	200	0.869598904443193
19.4	0	200	0.865963293881602
19.6	0	200	0.862273283408988
19.8	0	200	0.858529091758938
20	0	200	0.854730958721053
20.2	0	200	0.850879145173199
20.4	0	200	0.846973933103101
20.6	0	200	0.8430156256191
20.8	0	200	0.839004546949892
21	0	200	0.834941042433088
21.2	0	200	0.830825478492423
21.4	0	200	0.826658242603478
21.6	0	200	0.822439743247757
21.8	0	200	0.818170409854998
22	0	200	0.813850692733587
22.2	0	200	0.809481062988957
22.4	0	200	0.805062012429877
22.6	0	200	0.800594053462528
22.8	0	200	0.796077718972284
23	0	200	0.791513562193125
23.2	0	200	0.786902156564611
23.4	0	200	0.782244095576383
23.6	0	200	0.777539992600122
23.8	0	200	0.772790480708963
24	0	200	0.767996212484325
24.2	0	200	0.763157859810166
24.4	0	200	0.75827611365465
24.6	0	200	0.753351683839261
24.8	0	200	0.748385298795379
25	0	200	0.743377705308367
25.2	0	200	0.738329668249216
25.4	0	200	0.733241970293819
25.6	0	200	0.72811541162995
25.8	0	200	0.722950809652039
26	0	200	0.717748998643841
26.2	0	200	0.712510829449123
26.4	0	200	0.707237169130499
26.6	0	200	0.701928900616537
26.8	0	200	0.696586922337313
27	0	200	0.691212147848572
27.2	0	200	0.685805505444659
27.4	0	200	0.680367937760443
27.6	0	200	0.674900401362404
27.8	0	200	0.66940386632913
28	0	200	0.663879315821425
28.2	0	200	0.658327745642298
28.4	0	200	0.652750163787057
28.6	0	200	0.647147589983795
28.8	0	200	0.641521055224535
29	0	200	0.635871601287323
29.2	0	200	0.630200280249572
29.4	0	200	0.624508153992961
29.6	0	200	0.618796293700219
29.8	0	200	0.613065779344119
30	0	200	0.607317699169032
30.2	0	200	0.601553149165385
30.4	0	200	0.595773232537394
30.6	0	200	0.589979059164433
30.8	0	200	0.584171745056439
31	0	200	0.578352411803718
31.2	0	200	0.572522186021572
31.4	0	200	0.566682198790139
31.6	0	200	0.56083358508987
31.8	0	200	0.554977483233056
32	0	200	0.549115034291837
32.2	0	200	0.543247381523128
32.4	0	200	0.537375669790906
32.6	0	200	0.531501044986283
32.8	0	200	0.525624653445857
33	0	200	0.519747641368746
33.2	0	200	0.513871154232807
33.4	0	200	0.507996336210478
33.6	0	200	0.502124329584721
33.8	0	200	0.496256274165523
34	0	200	0.490393306707443
34.2	0	200	0.484536560328656
34.4	0	200	0.478687163931988
34.6	0	200	0.472846241628393
34.8	0	200	0.467014912163369
35	0	200	0.461194288346764
35.2	0	200	0.455385476486457
35.4	0	200	0.449589575826377
35.6	0	200	0.443807677989329
35.8	0	200	0.438040866425089
36	0	200	0.432290215864233
36.2	0	200	0.426556791778147
36.4	0	200	0.42084164984568
36.6	0	200	0.415145835426884
36.8	0	200	0.409470383044272
37	0	200	0.403816315872046
37.2	0	200	0.3981846452337
37.4	0	200	0.392576370108449
37.6	0	200	0.386992476646857
37.8	0	200	0.381433937696108
38	0	200	0.375901712335283
38.2	0	200	0.37039674542105
38.4	0	200	0.364919967144132
38.6	0	200	0.359472292596917
38.8	0	200	0.354054621352572
39	0	200	0.348667837056001
39.2	0	200	0.343312807026977
39.4	0	200	0.337990381875763
39.6	0	200	0.332701395131539
39.8	0	200	0.327446662883921
40	0	200	0.322226983437854
40.2	0	200	0.317043136982144
40.4	0	200	0.311895885271883
40.6	0	200	0.306785971325011
40.8	0	200	0.301714119133225
41	0	200	0.296681033387451
41.2	0	200	0.291687399218078
41.4	0	200	0.286733881950118
41.6	0	200	0.281821126873468
41.8	0	200	0.27694975902841
42	0	200	0.272120383006479
42.2	0	200	0.267333582766826
42.4	0	200	0.262589921468152
42.6	0	200	0.257889941316314
42.8	0	200	0.25323416342765
43	0	200	0.24862308770809
43.2	0	200	0.244057192748064
43.4	0	200	0.239536935733233
43.6	0	200	0.235062752371041
43.8	0	200	0.230635056833061
44	0	200	0.226254241713108
44.2	0	200	0.221920678001063
44.4	0	200	0.217634715072336
44.6	0	200	0.213396680692891
44.8	0	200	0.209206881039727
45	0	200	0.205065600736698
45.2	0	200	0.200973102905538
45.4	0	200	0.196929629231948
45.6	0	200	0.19293540004658
45.8	0	200	0.188990614420732
46	0	200	0.185095450276572
46.2	0	200	0.181250064511674
46.4	0	200	0.17745459313765
46.6	0	200	0.173709151432639
46.8	0	200	0.170013834107401
47	0	200	0.166368715484768
47.2	0	200	0.162773849692152
47.4	0	200	0.159229270866851
47.6	0	200	0.155734993373832
47.8	0	200	0.152291012035693
48	0	200	0.148897302374478
48.2	0	200	0.145553820865012
48.4	0	200	0.142260505199427
48.6	0	200	0.139017274562501
48.8	0	200	0.135824029917485
49	0	200	0.132680654302022
49.2	0	200	0.12958701313379
49.4	0	200	0.126542954525498
49.6	0	200	0.12354830960882
49.8	0	200	0.120602892866899
50	0	200	0.117706502474993
50.2	0	200	0.114858920648875
50.4	0	200	0.112059914000565
50.6	0	200	0.109309233900983
50.8	0	200	0.106606616849096
51	0	200	0.103951784847154
51.2	0	200	0.101344445781574
51.4	0	200	0.0987842938090488
51.6	0	200	0.0962710097474687
51.8	0	200	0.0938042614712086
52	0	200	0.0913837043103674
52.2	0	200	0.0890089814535266
52.4	0	200	0.0866797243536062
52.6	0	200	0.0843955531363908
52.8	0	200	0.0821560770113079
53	0	200	0.0799608946840374
53.2	0	200	0.0778095947705377
53.4	0	200	0.0757017562120776
53.6	0	200	0.0736369486908659
53.8	0	200	0.0716147330458758
54	0	200	0.0696346616884696
54.2	0	200	0.0676962790174292
54.4	0	200	0.0657991218330096
54.6	0	200	0.0639427197496355
54.8	0	200	0.0621265956068697
55	0	200	0.0603502658782911
55.2	0	200	0.0586132410779231
55.4	0	200	0.0569150261638669
55.6	0	200	0.0552551209387996
55.8	0	200	0.0536330204470056
56	0	200	0.0520482153676223
56.2	0	200	0.0505001924037857
56.4	0	200	0.0489884346673759
56.6	0	200	0.0475124220590698
56.8	0	200	0.0460716316434195
57	0	200	0.0446655380186855
57.2	0	200	0.0432936136811639
57.4	0	200	0.0419553293837593
57.6	0	200	0.0406501544885628
57.8	0	200	0.0393775573132109
58	0	200	0.038137005470807
58.2	0	200	0.0369279662032026
58.4	0	200	0.0357499067074448
58.6	0	200	0.034602294455209
58.8	0	200	0.0334845975050471
59	0	200	0.0323962848072935
59.2	0	200	0.0313368265014827
59.4	0	200	0.0303056942061439
59.6	0	200	0.0293023613008494
59.8	0	200	0.0283263032004057
60	0	200	0.027376997621088
