0	0	200	1
0.2	0	200	0.999999999930848
0.4	0	200	0.999999998424643
0.6	0	200	0.999999990193612
0.8	0	200	0.999999964111656
1	0	200	0.999999901826384
1.2	0	200	0.999999776599791
1.4	0	200	0.999999552288947
1.6	0	200	0.999999182424649
1.8	0	200	0.99999860936383
2	0	200	0.99999776350018
2.2	0	200	0.999996562522293
2.4	0	200	0.999994910711608
2.6	0	200	0.999992698274338
2.8	0	200	0.999989800702925
3	0	200	0.999986078163474
3.2	0	200	0.999981374906327
3.4	0	200	0.999975518697472
3.6	0	200	0.99996832026887
3.8	0	200	0.999959572786125
4	0	200	0.999949051332176
4.2	0	200	0.9999365124059
4.4	0	200	0.999921693434706
4.6	0	200	0.999904312300345
4.8	0	200	0.999884066877285
5	0	200	0.99986063458314
5.2	0	200	0.999833671940706
5.4	0	200	0.999802814151285
5.6	0	200	0.999767674679026
5.8	0	200	0.999727844846119
6	0	200	0.999682893438719
6.2	0	200	0.999632366323563
6.4	0	200	0.999575786075288
6.6	0	200	0.999512651614524
6.8	0	200	0.999442437856898
7	0	200	0.999364595373117
7.2	0	200	0.999278550060371
7.4	0	200	0.99918370282534
7.6	0	200	0.999079429279125
7.8	0	200	0.998965079444496
8	0	200	0.998839977475877
8.2	0	200	0.998703421392535
8.4	0	200	0.998554682825506
8.6	0	200	0.99839300677881
8.8	0	200	0.998217611405568
9	0	200	0.998027687799682
9.2	0	200	0.997822399803769
9.4	0	200	0.997600883834096
9.6	0	200	0.997362248723312
9.8	0	200	0.997105575581791
10	0	200	0.996829917678478
10.2	0	200	0.996534300342156
10.4	0	200	0.996217720884078
10.6	0	200	0.995879148542998
10.8	0	200	0.995517524453615
11	0	200	0.995131761639542
11.2	0	200	0.99472074503192
11.4	0	200	0.994283331514842
11.6	0	200	0.993818349998796
11.8	0	200	0.993324601523381
12	0	200	0.992800859390564
12.2	0	200	0.992245869329813
12.4	0	200	0.991658349696446
12.6	0	200	0.991036991704583
12.8	0	200	0.990380459696135
13	0	200	0.989687391447245
13.2	0	200	0.988956398513692
13.4	0	200	0.988186066616723
13.6	0	200	0.987374956070858
13.8	0	200	0.986521602255194
14	0	200	0.985624516129782
14.2	0	200	0.98468218479863
14.4	0	200	0.983693072120929
14.6	0	200	0.982655619372088
14.8	0	200	0.98156824595617
15	0	200	0.98042935017132
15.2	0	200	0.97923731002977
15.4	0	200	0.977990484134006
15.6	0	200	0.976687212610645
15.8	0	200	0.975325818103577
16	0	200	0.973904606827871
16.2	0	200	0.972421869685946
16.4	0	200	0.970875883447442
16.6	0	200	0.96926491199419
16.8	0	200	0.967587207631646
17	0	200	0.965841012468063
17.2	0	200	0.964024559862641
17.4	0	200	0.962136075943807
17.6	0	200	0.960173781198687
17.8	0	200	0.958135892134771
18	0	200	0.956020623014642
18.2	0	200	0.953826187664555
18.4	0	200	0.951550801357524
18.6	0	200	0.949192682771461
18.8	0	200	0.946750056022756
19	0	200	0.944221152775577
19.2	0	200	0.94160421442697
19.4	0	200	0.938897494367716
19.6	0	200	0.936099260318689
19.8	0	200	0.93320779674231
20	0	200	0.930221407328466
20.2	0	200	0.927138417554063
20.4	0	200	0.923957177315182
20.6	0	200	0.920676063630549
20.8	0	200	0.917293483414814
21	0	200	0.913807876319875
21.2	0	200	0.910217717642223
21.4	0	200	0.906521521294008
21.6	0	200	0.902717842835265
21.8	0	200	0.898805282564422
22	0	200	0.894782488663932
22.2	0	200	0.890648160397559
22.4	0	200	0.886401051355522
22.6	0	200	0.882039972743397
22.8	0	200	0.877563796710312
23	0	200	0.872971459711678
23.2	0	200	0.868261965901306
23.4	0	200	0.863434390547458
23.6	0	200	0.858487883466994
23.8	0	200	0.853421672471432
24	0	200	0.848235066818403
24.2	0	200	0.842927460661593
24.4	0	200	0.837498336491936
24.6	0	200	0.831947268562449
24.8	0	200	0.826273926288775
25	0	200	0.820478077617136
25.2	0	200	0.814559592351063
25.4	0	200	0.80851844542797
25.6	0	200	0.802354720136282
25.8	0	200	0.79606861126356
26	0	200	0.789660428165751
26.2	0	200	0.783130597747443
26.4	0	200	0.776479667342729
26.6	0	200	0.76970830748607
26.8	0	200	0.762817314562325
27	0	200	0.755807613324948
27.2	0	200	0.748680259271184
27.4	0	200	0.741436440862966
27.6	0	200	0.734077481582154
27.8	0	200	0.726604841808653
28	0	200	0.719020120509965
28.2	0	200	0.71132505673073
28.4	0	200	0.703521530870873
28.6	0	200	0.695611565741086
28.8	0	200	0.687597327384508
29	0	200	0.67948112565369
29.2	0	200	0.671265414532148
29.4	0	200	0.662952792190131
29.6	0	200	0.654546000764577
29.8	0	200	0.646047925853627
30	0	200	0.637461595716542
30.2	0	200	0.628790180170392
30.4	0	200	0.620036989175439
30.6	0	200	0.611205471101807
30.8	0	200	0.602299210670697
31	0	200	0.593321926564186
31.2	0	200	0.584277468698426
31.4	0	200	0.575169815155978
31.6	0	200	0.566003068773888
31.8	0	200	0.556781453385147
32	0	200	0.547509309712178
32.2	0	200	0.5381910909121
32.4	0	200	0.528831357774649
32.6	0	200	0.519434773574831
32.8	0	200	0.510006098583607
33	0	200	0.500550184241171
33.2	0	200	0.491071966998699
33.4	0	200	0.481576461835785
33.6	0	200	0.472068755462115
33.8	0	200	0.462553999213356
34	0	200	0.453037401652601
34.2	0	200	0.443524220890127
34.4	0	200	0.434019756635641
34.6	0	200	0.424529341998585
34.8	0	200	0.415058335053474
35	0	200	0.4056121101886
35.2	0	200	0.396196049257793
35.4	0	200	0.386815532556258
35.6	0	200	0.377475929642735
35.8	0	200	0.368182590031499
36	0	200	0.358940833778826
36.2	0	200	0.349755941989692
36.4	0	200	0.340633147271438
36.6	0	200	0.331577624162097
36.8	0	200	0.322594479561908
37	0	200	0.313688743197262
37.2	0	200	0.304865358146972
37.4	0	200	0.296129171461261
37.6	0	200	0.287484924904239
37.8	0	200	0.278937245850921
38	0	200	0.270490638369929
38.2	0	200	0.262149474523034
38.4	0	200	0.253917985912497
38.6	0	200	0.245800255506876
38.8	0	200	0.237800209775486
39	0	200	0.229921611161081
39.2	0	200	0.222168050919536
39.4	0	200	0.214542942354385
39.6	0	200	0.207049514472962
39.8	0	200	0.199690806089648
40	0	200	0.192469660400331
40.2	0	200	0.185388720050616
40.4	0	200	0.178450422718663
40.6	0	200	0.171656997231649
40.8	0	200	0.165010460232938
41	0	200	0.158512613414926
41.2	0	200	0.152165041330332
41.4	0	200	0.145969109792424
41.6	0	200	0.139925964872257
41.8	0	200	0.134036532498528
42	0	200	0.128301518663147
42.2	0	200	0.122721410232971
42.4	0	200	0.1172964763656
42.6	0	200	0.11202677052441
42.8	0	200	0.106912133085401
43	0	200	0.101952194525746
43.2	0	200	0.0971463791813519
43.4	0	200	0.0924939095581328
43.6	0	200	0.0879938111791922
43.8	0	200	0.0836449179476815
44	0	200	0.0794458780027418
44.2	0	200	0.0753951600437024
44.4	0	200	0.0714910600956023
44.6	0	200	0.0677317086871168
44.8	0	200	0.0641150784101577
45	0	200	0.0606389918287593
45.2	0	200	0.0573011297033796
45.4	0	200	0.0540990394954671
45.6	0	200	0.051030144116043
45.8	0	200	0.0480917508811738
46	0	200	0.045281060636533
46.2	0	200	0.0425951770127973
46.4	0	200	0.0400311157733955
46.6	0	200	0.0375858142161116
46.8	0	200	0.0352561405902654
47	0	200	0.033038903491623
47.2	0	200	0.0309308611978433
47.4	0	200	0.0289287309081338
47.6	0	200	0.0270291978518542
47.8	0	200	0.0252289242320776
48	0	200	0.0235245579715702
48.2	0	200	0.0219127412302778
48.4	0	200	0.0203901186652027
48.6	0	200	0.0189533454054857
48.8	0	200	0.0175990947175867
49	0	200	0.016324065337639
49.2	0	200	0.0151249884503404
49.4	0	200	0.0139986342961126
49.6	0	200	0.0129418183906882
49.8	0	200	0.0119514073437611
50	0	200	0.0110243242658337
50.2	0	200	0.0101575537549014
50.4	0	200	0.00934814645710988
50.6	0	200	0.00859322319798178
50.8	0	200	0.00788997868322805
51	0	200	0.00723568477050995
51.2	0	200	0.00662769331578719
51.4	0	200	0.00606343860006441
51.6	0	200	0.00554043934441208
51.8	0	200	0.00505630032308218
52	0	200	0.00460871358634909
52.2	0	200	0.00419545930637214
52.4	0	200	0.00381440626089355
52.6	0	200	0.00346351197094194
52.8	0	200	0.00314082250990729
53	0	200	0.00284447200238181
53.2	0	200	0.00257268183202072
53.4	0	200	0.00232375957836977
53.6	0	200	0.00209609770313004
53.8	0	200	0.00188817200669119
54	0	200	0.00169853987596416
54.2	0	200	0.00152583834458896
54.4	0	200	0.00136878198649067
54.6	0	200	0.00122616066351254
54.8	0	200	0.00109683714748042
55	0	200	0.000979744636555428
55.2	0	200	0.000873884185122531
55.4	0	200	0.000778322065753347
55.6	0	200	0.000692187080981604
55.8	0	200	0.000614667841752595
56	0	200	0.000545010028464231
56.2	0	200	0.000482513649519078
56.4	0	200	0.00042653031126595
56.6	0	200	0.000376460512137037
56.8	0	200	0.000331750972693892
57	0	200	0.000291892012193018
57.2	0	200	0.000256414981179542
57.4	0	200	0.000224889758525106
57.6	0	200	0.000196922320252065
57.8	0	200	0.000172152386438784
58	0	200	0.000150251151487131
58.2	0	200	0.000130919102059694
58.4	0	200	0.000113883926066488
58.6	0	200	9.88985152032746e-05
58.8	0	200	8.57390627204041e-05
59	0	200	7.42032573348794e-05
59.2	0	200	6.41085734916061e-05
59.4	0	200	5.52906575338395e-05
59.6	0	200	4.76018087583144e-05
59.8	0	200	4.0909553807528e-05
60	0	200	3.50953123894029e-05
