0	0	200	1
0.2	0	200	0.999999999998956
0.4	0	200	0.999999999955573
0.6	0	200	0.999999999601506
0.8	0	200	0.999999998110169
1	0	200	0.999999993679225
1.2	0	200	0.999999983049076
1.4	0	200	0.999999960968083
1.6	0	200	0.999999919611345
1.8	0	200	0.999999847957917
2	0	200	0.999999731130122
2.2	0	200	0.999999549697887
2.4	0	200	0.999999278950472
2.6	0	200	0.999998888137566
2.8	0	200	0.999998339681465
3	0	200	0.999997588361771
3.2	0	200	0.999996580473917
3.4	0	200	0.999995252962645
3.6	0	200	0.999993532531478
3.8	0	200	0.999991334729094
4	0	200	0.999988563013476
4.2	0	200	0.99998510779461
4.4	0	200	0.999980845456464
4.6	0	200	0.999975637358952
4.8	0	200	0.999969328820519
5	0	200	0.999961748082003
5.2	0	200	0.999952705252358
5.4	0	200	0.999941991236853
5.6	0	200	0.999929376648337
5.8	0	200	0.999914610702149
6	0	200	0.999897420095281
6.2	0	200	0.999877507870387
6.4	0	200	0.999854552265266
6.6	0	200	0.999828205548453
6.8	0	200	0.99979809284159
7	0	200	0.999763810929277
7.2	0	200	0.999724927057128
7.4	0	200	0.999680977718822
7.6	0	200	0.999631467432976
7.8	0	200	0.999575867510715
8	0	200	0.999513614814887
8.2	0	200	0.999444110511933
8.4	0	200	0.999366718817501
8.6	0	200	0.999280765736952
8.8	0	200	0.999185537802038
9	0	200	0.999080280805063
9.2	0	200	0.998964198532011
9.4	0	200	0.998836451496167
9.6	0	200	0.998696155673927
9.8	0	200	0.998542381244578
10	0	200	0.998374151335998
10.2	0	200	0.998190440778327
10.4	0	200	0.997990174867844
10.6	0	200	0.997772228143433
10.8	0	200	0.997535423178162
11	0	200	0.997278529388718
11.2	0	200	0.997000261865593
11.4	0	200	0.996699280227117
11.6	0	200	0.996374187500638
11.8	0	200	0.996023529034356
12	0	200	0.995645791443546
12.2	0	200	0.995239401595117
12.4	0	200	0.994802725634701
12.6	0	200	0.99433406806072
12.8	0	200	0.993831670850095
13	0	200	0.993293712640575
13.2	0	200	0.992718307974877
13.4	0	200	0.992103506612145
13.6	0	200	0.991447292912486
13.8	0	200	0.990747585300641
14	0	200	0.990002235815139
14.2	0	200	0.989209029749568
14.4	0	200	0.988365685392896
14.6	0	200	0.987469853876087
14.8	0	200	0.986519119132522
15	0	200	0.985510997980067
15.2	0	200	0.984442940332914
15.4	0	200	0.983312329551588
15.6	0	200	0.98211648293984
15.8	0	200	0.98085265239738
16	0	200	0.979518025237704
16.2	0	200	0.978109725180485
16.4	0	200	0.976624813528287
16.6	0	200	0.975060290537514
16.8	0	200	0.97341309699378
17	0	200	0.971680116001987
17.2	0	200	0.969858175001603
17.4	0	200	0.967944048017719
17.6	0	200	0.965934458158548
17.8	0	200	0.96382608037008
18	0	200	0.961615544458604
18.2	0	200	0.959299438391753
18.4	0	200	0.956874311888648
18.6	0	200	0.954336680309538
18.8	0	200	0.951683028855129
19	0	200	0.94890981708552
19.2	0	200	0.946013483768291
19.4	0	200	0.942990452064874
19.6	0	200	0.939837135063806
19.8	0	200	0.936549941668888
20	0	200	0.933125282849551
20.2	0	200	0.929559578259959
20.4	0	200	0.925849263232484
20.6	0	200	0.921990796150159
20.8	0	200	0.917980666201629
21	0	200	0.913815401520864
21.2	0	200	0.909491577712536
21.4	0	200	0.905005826762494
21.6	0	200	0.900354846331122
21.8	0	200	0.895535409425648
22	0	200	0.890544374445554
22.2	0	200	0.885378695593221
22.4	0	200	0.880035433639781
22.6	0	200	0.874511767033832
22.8	0	200	0.868805003338224
23	0	200	0.862912590977561
23.2	0	200	0.856832131276315
23.4	0	200	0.850561390764636
23.6	0	200	0.844098313725949
23.8	0	200	0.837441034957356
24	0	200	0.830587892710669
24.2	0	200	0.823537441778616
24.4	0	200	0.816288466687384
24.6	0	200	0.808839994953247
24.8	0	200	0.801191310357523
25	0	200	0.7933419661906
25.2	0	200	0.78529179841225
25.4	0	200	0.777040938671915
25.6	0	200	0.76858982712922
25.8	0	200	0.759939225011529
26	0	200	0.751090226842085
26.2	0	200	0.742044272269093
26.4	0	200	0.732803157423116
26.6	0	200	0.723369045727361
26.8	0	200	0.713744478082869
27	0	200	0.703932382348382
27.2	0	200	0.693936082032716
27.4	0	200	0.683759304115906
27.6	0	200	0.673406185914256
27.8	0	200	0.662881280903744
28	0	200	0.652189563416056
28.2	0	200	0.641336432121931
28.4	0	200	0.630327712217456
28.6	0	200	0.619169656230592
28.8	0	200	0.607868943367553
29	0	200	0.596432677321639
29.2	0	200	0.584868382470987
29.4	0	200	0.573183998396266
29.6	0	200	0.561387872654737
29.8	0	200	0.549488751753397
30	0	200	0.537495770271002
30.2	0	200	0.525418438086744
30.4	0	200	0.513266625682213
30.6	0	200	0.501050547492969
30.8	0	200	0.488780743296576
31	0	200	0.476468057635331
31.2	0	200	0.464123617284018
31.4	0	200	0.451758806785895
31.6	0	200	0.439385242093618
31.8	0	200	0.427014742365926
32	0	200	0.414659299985512
32.2	0	200	0.402331048878521
32.4	0	200	0.390042231231415
32.6	0	200	0.377805162716443
32.8	0	200	0.365632196352456
33	0	200	0.3535356851432
33.2	0	200	0.341527943650397
33.4	0	200	0.329621208673606
33.6	0	200	0.317827599222974
33.8	0	200	0.306159075984333
34	0	200	0.294627400488438
34.2	0	200	0.283244094207407
34.4	0	200	0.272020397811292
34.6	0	200	0.260967230826085
34.8	0	200	0.250095151941213
35	0	200	0.239414320219359
35.2	0	200	0.228934457464324
35.4	0	200	0.218664812003333
35.6	0	200	0.20861412413858
35.8	0	200	0.198790593518846
36	0	200	0.189201848675611
36.2	0	200	0.179854918959121
36.4	0	200	0.170756209098386
36.6	0	200	0.161911476595077
36.8	0	200	0.15332581214475
37	0	200	0.145003623259876
37.2	0	200	0.136948621247878
37.4	0	200	0.129163811673943
37.6	0	200	0.12165148841287
37.8	0	200	0.114413231367033
38	0	200	0.107449907898712
38.2	0	200	0.100761677995042
38.4	0	200	0.0943480031528138
38.6	0	200	0.0882076589388148
38.8	0	200	0.0823387511495034
39	0	200	0.0767387354621536
39.2	0	200	0.0714044404383639
39.4	0	200	0.0663320937105704
39.6	0	200	0.0615173511532205
39.8	0	200	0.0569553288129945
40	0	200	0.0526406373472794
40.2	0	200	0.0485674186973425
40.4	0	200	0.0447293847026876
40.6	0	200	0.0411198573461761
40.8	0	200	0.0377318103059372
41	0	200	0.0345579114800976
41.2	0	200	0.0315905661440775
41.4	0	200	0.0288219603977821
41.6	0	200	0.0262441045614744
41.8	0	200	0.0238488761844926
42	0	200	0.0216280623401754
42.2	0	200	0.0195734008932782
42.4	0	200	0.0176766204426188
42.6	0	200	0.0159294786614259
42.8	0	200	0.0143237987806139
43	0	200	0.0128515039855998
43.2	0	200	0.0115046495249498
43.4	0	200	0.0102754523586623
43.6	0	200	0.00915631820481444
43.8	0	200	0.00813986587514833
44	0	200	0.00721894882247912
44.2	0	200	0.00638667385507243
44.4	0	200	0.00563641700490713
44.6	0	200	0.00496183656753681
44.8	0	200	0.00435688336066828
45	0	200	0.00381580827618295
45.2	0	200	0.00333316722578159
45.4	0	200	0.0029038236034238
45.6	0	200	0.00252294840800226
45.8	0	200	0.0021860181870382
46	0	200	0.0018888109764659
46.2	0	200	0.00162740042270912
46.4	0	200	0.00139814828122138
46.6	0	200	0.00119769549050065
46.8	0	200	0.0010229520223937
47	0	200	0.000871085708418456
47.2	0	200	0.000739510238048345
47.4	0	200	0.000625872518651812
47.6	0	200	0.000528039578327983
47.8	0	200	0.000444085182518393
48	0	200	0.000372276323313401
48.2	0	200	0.000311059727130865
48.4	0	200	0.000259048512247236
48.6	0	200	0.000215009112824964
48.8	0	200	0.000177848570913125
49	0	200	0.000146602282689598
49.2	0	200	0.000120422270230295
49.4	0	200	9.85660355740888e-05
49.6	0	200	8.03860400107126e-05
49.8	0	200	6.53198385303032e-05
50	0	200	5.28808873803962e-05
50.2	0	200	4.26500317877141e-05
50.4	0	200	3.42676711932335e-05
50.6	0	200	2.74265908623085e-05
50.8	0	200	2.18654414798348e-05
51	0	200	1.73628423087784e-05
51.2	0	200	1.37320786400378e-05
51.4	0	200	1.0816360533192e-05
51.6	0	200	8.48460716498898e-06
51.8	0	200	6.62771937625708e-06
52	0	200	5.15530213981281e-06
52.2	0	200	3.99279855771516e-06
52.4	0	200	3.07899752933544e-06
52.6	0	200	2.36387830616625e-06
52.8	0	200	1.80675666226537e-06
53	0	200	1.37469926318028e-06
53.2	0	200	1.04117492063499e-06
53.4	0	200	7.84913692991574e-07
53.6	0	200	5.88947159508959e-07
53.8	0	200	4.39805596350596e-07
54	0	200	3.26850160545483e-07
54.2	0	200	2.41720500690461e-07
54.4	0	200	1.77880425260201e-07
54.6	0	200	1.30246344660427e-07
54.8	0	200	9.48851430636656e-08
55	0	200	6.8769918918306e-08
55.2	0	200	4.95836530697112e-08
55.4	0	200	3.55623199157689e-08
55.6	0	200	2.53702532413572e-08
55.8	0	200	1.80017208270433e-08
56	0	200	1.27036594754765e-08
56.2	0	200	8.91538526744831e-09
56.4	0	200	6.22183419371457e-09
56.6	0	200	4.31751784047495e-09
56.8	0	200	2.97890961475782e-09
57	0	200	2.04342085801349e-09
57.2	0	200	1.39349432362813e-09
57.4	0	200	9.44645344988951e-10
57.6	0	200	6.3652817799908e-10
57.8	0	200	4.26305107086796e-10
58	0	200	2.8375663649663e-10
58.2	0	200	1.87699182305911e-10
58.4	0	200	1.23377964306215e-10
58.6	0	200	8.05822567388745e-11
58.8	0	200	5.22920092504729e-11
59	0	200	3.37126206791839e-11
59.2	0	200	2.15912563278684e-11
59.4	0	200	1.37359337955619e-11
59.6	0	200	8.67960038282081e-12
59.8	0	200	5.44714144619524e-12
60	0	200	3.39492978519323e-12
