0	0	200	1
0.2	0	200	0.999999981599032
0.4	0	200	0.999999806411942
0.6	0	200	0.999999233111366
0.8	0	200	0.999997963351455
1	0	200	0.999995655514892
1.2	0	200	0.999991931948842
1.4	0	200	0.999986383643048
1.6	0	200	0.999978573570407
1.8	0	200	0.999968039223888
2	0	200	0.999954294626875
2.2	0	200	0.999936831977255
2.4	0	200	0.99991512302534
2.6	0	200	0.999888620251799
2.8	0	200	0.999856757891346
3	0	200	0.999818952834963
3.2	0	200	0.999774605434852
3.4	0	200	0.999723100230451
3.6	0	200	0.999663806609639
3.8	0	200	0.999596079416331
4	0	200	0.999519259513363
4.2	0	200	0.999432674307934
4.4	0	200	0.999335638245586
4.6	0	200	0.999227453277677
4.8	0	200	0.999107409306544
5	0	200	0.998974784611896
5.2	0	200	0.998828846261499
5.4	0	200	0.998668850508764
5.6	0	200	0.998494043179539
5.8	0	200	0.998303660050111
6	0	200	0.998096927218178
6.2	0	200	0.997873061468371
6.4	0	200	0.997631270633717
6.6	0	200	0.997370753954292
6.8	0	200	0.997090702434205
7	0	200	0.996790299197919
7.2	0	200	0.996468719846833
7.4	0	200	0.99612513281698
7.6	0	200	0.995758699738578
7.8	0	200	0.995368575798169
8	0	200	0.99495391010396
8.2	0	200	0.994513846054968
8.4	0	200	0.994047521714505
8.6	0	200	0.9935540701885
8.8	0	200	0.993032620009119
9	0	200	0.992482295524089
9.2	0	200	0.991902217292128
9.4	0	200	0.991291502484821
9.6	0	200	0.990649265295263
9.8	0	200	0.989974617353773
10	0	200	0.989266668150934
10.2	0	200	0.988524525468199
10.4	0	200	0.987747295816288
10.6	0	200	0.986934084881551
10.8	0	200	0.986083997980474
11	0	200	0.985196140522465
11.2	0	200	0.984269618481052
11.4	0	200	0.983303538873569
11.6	0	200	0.982297010249434
11.8	0	200	0.981249143187055
12	0	200	0.980159050799405
12.2	0	200	0.979025849248278
12.4	0	200	0.977848658267218
12.6	0	200	0.976626601693086
12.8	0	200	0.975358808006227
13	0	200	0.974044410879145
13.2	0	200	0.972682549733617
13.4	0	200	0.97127237030611
13.6	0	200	0.969813025221377
13.8	0	200	0.968303674574076
14	0	200	0.966743486518225
14.2	0	200	0.965131637864307
14.4	0	200	0.963467314683786
14.6	0	200	0.961749712920804
14.8	0	200	0.959978039010795
15	0	200	0.958151510505716
15.2	0	200	0.956269356705603
15.4	0	200	0.954330819296107
15.6	0	200	0.952335152991664
15.8	0	200	0.950281626183933
16	0	200	0.948169521595081
16.2	0	200	0.945998136935525
16.4	0	200	0.943766785565669
16.6	0	200	0.94147479716118
16.8	0	200	0.939121518381325
17	0	200	0.936706313539854
17.2	0	200	0.934228565277899
17.4	0	200	0.931687675238352
17.6	0	200	0.929083064741138
17.8	0	200	0.926414175458802
18	0	200	0.923680470091791
18.2	0	200	0.920881433042797
18.4	0	200	0.918016571089517
18.6	0	200	0.915085414055152
18.8	0	200	0.91208751547595
19	0	200	0.909022453265091
19.2	0	200	0.905889830372183
19.4	0	200	0.902689275437616
19.6	0	200	0.899420443441021
19.8	0	200	0.896083016343053
20	0	200	0.892676703719698
20.2	0	200	0.889201243388295
20.4	0	200	0.88565640202446
20.6	0	200	0.882041975769057
20.8	0	200	0.878357790824384
21	0	200	0.874603704038704
21.2	0	200	0.870779603478251
21.4	0	200	0.866885408985833
21.6	0	200	0.862921072725148
21.8	0	200	0.858886579709903
22	0	200	0.854781948316854
22.2	0	200	0.850607230781847
22.4	0	200	0.846362513677962
22.6	0	200	0.842047918374832
22.8	0	200	0.837663601478255
23	0	200	0.833209755249152
23.2	0	200	0.828686608000995
23.4	0	200	0.824094424474785
23.6	0	200	0.819433506190679
23.8	0	200	0.814704191775388
24	0	200	0.809906857264446
24.2	0	200	0.805041916378497
24.4	0	200	0.800109820772718
24.6	0	200	0.795111060258553
24.8	0	200	0.790046162996909
25	0	200	0.784915695662014
25.2	0	200	0.779720263575135
25.4	0	200	0.774460510807383
25.6	0	200	0.769137120250862
25.8	0	200	0.763750813657423
26	0	200	0.758302351644336
26.2	0	200	0.752792533666207
26.4	0	200	0.747222197952493
26.6	0	200	0.741592221410012
26.8	0	200	0.735903519489871
27	0	200	0.730157046018281
27.2	0	200	0.724353792990747
27.4	0	200	0.718494790329178
27.6	0	200	0.712581105601498
27.8	0	200	0.706613843703375
28	0	200	0.700594146501747
28.2	0	200	0.694523192439844
28.4	0	200	0.68840219610348
28.6	0	200	0.682232407748419
28.8	0	200	0.676015112788689
29	0	200	0.66975163124574
29.2	0	200	0.663443317158439
29.4	0	200	0.657091557953903
29.6	0	200	0.650697773779275
29.8	0	200	0.644263416794556
30	0	200	0.637789970426717
30.2	0	200	0.631278948585324
30.4	0	200	0.624731894840019
30.6	0	200	0.618150381560208
30.8	0	200	0.61153600901743
31	0	200	0.604890404450878
31.2	0	200	0.598215221096673
31.4	0	200	0.591512137181493
31.6	0	200	0.584782854881273
31.8	0	200	0.578029099245725
32	0	200	0.571252617089506
32.2	0	200	0.564455175850912
32.4	0	200	0.557638562419067
32.6	0	200	0.550804581930593
32.8	0	200	0.543955056536862
33	0	200	0.537091824142958
33.2	0	200	0.530216737119539
33.4	0	200	0.523331660988872
33.6	0	200	0.516438473086348
33.8	0	200	0.509539061198854
34	0	200	0.502635322181434
34.2	0	200	0.495729160553724
34.4	0	200	0.488822487077691
34.6	0	200	0.481917217318276
34.8	0	200	0.475015270188571
35	0	200	0.46811856648121
35.2	0	200	0.461229027387709
35.4	0	200	0.45434857300752
35.6	0	200	0.447479120848605
35.8	0	200	0.440622584321386
36	0	200	0.433780871227929
36.2	0	200	0.426955882248287
36.4	0	200	0.420149509425939
36.6	0	200	0.413363634654269
36.8	0	200	0.406600128166082
37	0	200	0.39986084702815
37.2	0	200	0.393147633642795
37.4	0	200	0.386462314258538
37.6	0	200	0.379806697491839
37.8	0	200	0.373182572861966
38	0	200	0.366591709341007
38.2	0	200	0.360035853921072
38.4	0	200	0.353516730200682
38.6	0	200	0.34703603699236
38.8	0	200	0.340595446953405
39	0	200	0.334196605241815
39.2	0	200	0.327841128199297
39.4	0	200	0.321530602063281
39.6	0	200	0.3152665817098
39.8	0	200	0.3090505894291
40	0	200	0.302884113735752
40.2	0	200	0.296768608215038
40.4	0	200	0.290705490407313
40.6	0	200	0.284696140731982
40.8	0	200	0.278741901452701
41	0	200	0.272844075685333
41.2	0	200	0.267003926450117
41.4	0	200	0.261222675769479
41.6	0	200	0.255501503812783
41.8	0	200	0.249841548089315
42	0	200	0.244243902690654
42.2	0	200	0.238709617583549
42.4	0	200	0.233239697954313
42.6	0	200	0.227835103605671
42.8	0	200	0.222496748406902
43	0	200	0.217225499798046
43.2	0	200	0.212022178348818
43.4	0	200	0.206887557372825
43.6	0	200	0.201822362597545
43.8	0	200	0.196827271890445
44	0	200	0.191902915041543
44.2	0	200	0.187049873602558
44.4	0	200	0.182268680782773
44.6	0	200	0.177559821401565
44.8	0	200	0.17292373189749
45	0	200	0.168360800393722
45.2	0	200	0.163871366819511
45.4	0	200	0.159455723087252
45.6	0	200	0.155114113324649
45.8	0	200	0.150846734161367
46	0	200	0.146653735069448
46.2	0	200	0.142535218756712
46.4	0	200	0.138491241612223
46.6	0	200	0.134521814202841
46.8	0	200	0.13062690181979
47	0	200	0.12680642507407
47.2	0	200	0.123060260539463
47.4	0	200	0.119388241441816
47.6	0	200	0.115790158393183
47.8	0	200	0.112265760169349
48	0	200	0.108814754529187
48.2	0	200	0.105436809074211
48.4	0	200	0.102131552146667
48.6	0	200	0.0988985737643898
48.8	0	200	0.0957374265906413
49	0	200	0.0926476269370694
49.2	0	200	0.0896286557978918
49.4	0	200	0.0866799599133582
49.6	0	200	0.0838009528605111
49.8	0	200	0.080991016169226
50	0	200	0.0782495004614913
50.2	0	200	0.0755757266118539
50.4	0	200	0.0729689869269442
50.6	0	200	0.0704285463419772
50.8	0	200	0.0679536436321145
51	0	200	0.0655434926365705
51.2	0	200	0.0631972834933436
51.4	0	200	0.0609141838824588
51.6	0	200	0.058693340275615
51.8	0	200	0.0565338791901507
52	0	200	0.0544349084452511
52.2	0	200	0.0523955184183517
52.4	0	200	0.0504147832997162
52.6	0	200	0.0484917623431985
52.8	0	200	0.0466255011112377
53	0	200	0.0448150327121736
53.2	0	200	0.0430593790280114
53.4	0	200	0.0413575519308205
53.6	0	200	0.0397085544859923
53.8	0	200	0.0381113821406488
54	0	200	0.0365650238955427
54.2	0	200	0.0350684634588551
54.4	0	200	0.033620680380363
54.6	0	200	0.0322206511645092
54.8	0	200	0.0308673503609815
55	0	200	0.0295597516314806
55.2	0	200	0.0282968287914213
55.4	0	200	0.0270775568253963
55.6	0	200	0.0259009128753027
55.8	0	200	0.0247658772001086
56	0	200	0.0236714341063212
56.2	0	200	0.0226165728482892
56.4	0	200	0.0216002884975618
56.6	0	200	0.0206215827805988
56.8	0	200	0.0196794648842114
57	0	200	0.0187729522281938
57.2	0	200	0.0179010712046827
57.4	0	200	0.017062857883865
57.6	0	200	0.0162573586857293
57.8	0	200	0.0154836310176382
58	0	200	0.0147407438775708
58.2	0	200	0.0140277784229639
58.4	0	200	0.0133438285051516
58.6	0	200	0.0126880011694751
58.8	0	200	0.012059417121206
59	0	200	0.0114572111574911
59.2	0	200	0.0108805325655976
59.4	0	200	0.0103285454877946
59.6	0	200	0.00980042925327271
59.8	0	200	0.00929537867755921
60	0	200	0.00881260432994291
