0	0	200	1
0.2	0	200	0.99999999927723
0.4	0	200	0.999999988891179
0.6	0	200	0.999999945068163
0.8	0	200	0.999999829259823
1	0	200	0.99999958851181
1.2	0	200	0.999999155709822
1.4	0	200	0.999998449765113
1.6	0	200	0.999997375763443
1.8	0	200	0.999995825089499
2	0	200	0.999993675533776
2.2	0	200	0.999990791386328
2.4	0	200	0.999987023520373
2.6	0	200	0.999982209467892
2.8	0	200	0.999976173488791
3	0	200	0.99996872663484
3.2	0	200	0.999959666809342
3.4	0	200	0.99994877882331
3.6	0	200	0.999935834448801
3.8	0	200	0.999920592469945
4	0	200	0.999902798732154
4.2	0	200	0.999882186189911
4.4	0	200	0.999858474953538
4.6	0	200	0.99983137233526
4.8	0	200	0.999800572894887
5	0	200	0.999765758485418
5.2	0	200	0.999726598298823
5.4	0	200	0.999682748912287
5.6	0	200	0.99963385433516
5.8	0	200	0.999579546056855
6	0	200	0.999519443095955
6.2	0	200	0.999453152050735
6.4	0	200	0.999380267151362
6.6	0	200	0.999300370313981
6.8	0	200	0.999213031196934
7	0	200	0.999117807259323
7.2	0	200	0.999014243822162
7.4	0	200	0.99890187413234
7.6	0	200	0.998780219429616
7.8	0	200	0.998648789016898
8	0	200	0.998507080334011
8.2	0	200	0.99835457903521
8.4	0	200	0.998190759070659
8.6	0	200	0.998015082772116
8.8	0	200	0.997827000943064
9	0	200	0.997625952953524
9.2	0	200	0.997411366839792
9.4	0	200	0.997182659409347
9.6	0	200	0.996939236351171
9.8	0	200	0.996680492351721
10	0	200	0.996405811216817
10.2	0	200	0.996114565999676
10.4	0	200	0.995806119135357
10.6	0	200	0.995479822581859
10.8	0	200	0.995135017968125
11	0	200	0.994771036749212
11.2	0	200	0.994387200368868
11.4	0	200	0.993982820429776
11.6	0	200	0.993557198871723
11.8	0	200	0.99310962815793
12	0	200	0.992639391469818
12.2	0	200	0.992145762910438
12.4	0	200	0.991628007716828
12.6	0	200	0.991085382481551
12.8	0	200	0.990517135383636
13	0	200	0.989922506429195
13.2	0	200	0.989300727701934
13.4	0	200	0.98865102362381
13.6	0	200	0.987972611226063
13.8	0	200	0.987264700430847
14	0	200	0.9865264943437
14.2	0	200	0.985757189557063
14.4	0	200	0.98495597646506
14.6	0	200	0.984122039589763
14.8	0	200	0.983254557919128
15	0	200	0.982352705256809
15.2	0	200	0.981415650584034
15.4	0	200	0.980442558433718
15.6	0	200	0.979432589276993
15.8	0	200	0.978384899922312
16	0	200	0.977298643927276
16.2	0	200	0.976172972023328
16.4	0	200	0.975007032553441
16.6	0	200	0.973799971922923
16.8	0	200	0.972550935063433
17	0	200	0.971259065910315
17.2	0	200	0.969923507893307
17.4	0	200	0.968543404440709
17.6	0	200	0.96711789949704
17.8	0	200	0.965646138054227
18	0	200	0.964127266696328
18.2	0	200	0.962560434157799
18.4	0	200	0.960944791895271
18.6	0	200	0.959279494672803
18.8	0	200	0.957563701160542
19	0	200	0.955796574546719
19.2	0	200	0.95397728316287
19.4	0	200	0.952105001122157
19.6	0	200	0.95017890897064
19.8	0	200	0.948198194351334
20	0	200	0.946162052680849
20.2	0	200	0.944069687838388
20.4	0	200	0.941920312866872
20.6	0	200	0.939713150685892
20.8	0	200	0.937447434816216
21	0	200	0.935122410115498
21.2	0	200	0.93273733352485
21.4	0	200	0.93029147482588
21.6	0	200	0.927784117407782
21.8	0	200	0.925214559044039
22	0	200	0.922582112678254
22.2	0	200	0.919886107218603
22.4	0	200	0.917125888340377
22.6	0	200	0.914300819296036
22.8	0	200	0.911410281732166
23	0	200	0.908453676512719
23.2	0	200	0.905430424547846
23.4	0	200	0.90233996762764
23.6	0	200	0.899181769260033
23.8	0	200	0.895955315512097
24	0	200	0.892660115853932
24.2	0	200	0.889295704004303
24.4	0	200	0.885861638777173
24.6	0	200	0.882357504928206
24.8	0	200	0.878782914000317
25	0	200	0.8751375051673
25.2	0	200	0.871420946074518
25.4	0	200	0.867632933675645
25.6	0	200	0.863773195064363
25.8	0	200	0.859841488299955
26	0	200	0.85583760322563
26.2	0	200	0.851761362278453
26.4	0	200	0.84761262128968
26.6	0	200	0.843391270274296
26.8	0	200	0.839097234208507
27	0	200	0.83473047379394
27.2	0	200	0.830290986207243
27.4	0	200	0.825778805833797
27.6	0	200	0.821194004984196
27.8	0	200	0.81653669459215
28	0	200	0.811807024892451
28.2	0	200	0.807005186077609
28.4	0	200	0.802131408931766
28.6	0	200	0.797185965440487
28.8	0	200	0.792169169374999
29	0	200	0.78708137684947
29.2	0	200	0.781922986849874
29.4	0	200	0.776694441733046
29.6	0	200	0.771396227694453
29.8	0	200	0.766028875203294
30	0	200	0.760592959403476
30.2	0	200	0.755089100479072
30.4	0	200	0.749517963982837
30.6	0	200	0.743880261126423
30.8	0	200	0.738176749030899
31	0	200	0.732408230936233
31.2	0	200	0.726575556368419
31.4	0	200	0.720679621262946
31.6	0	200	0.714721368043345
31.8	0	200	0.708701785653578
32	0	200	0.70262190954309
32.2	0	200	0.696482821603354
32.4	0	200	0.690285650054827
32.6	0	200	0.684031569283238
32.8	0	200	0.677721799624219
33	0	200	0.671357607095339
33.2	0	200	0.66494030307463
33.4	0	200	0.658471243924814
33.6	0	200	0.651951830562454
33.8	0	200	0.645383507971357
34	0	200	0.638767764659625
34.2	0	200	0.632106132059809
34.4	0	200	0.625400183871742
34.6	0	200	0.618651535347668
34.8	0	200	0.611861842519411
35	0	200	0.605032801367398
35.2	0	200	0.598166146931445
35.4	0	200	0.591263652363333
35.6	0	200	0.584327127921276
35.8	0	200	0.577358419906505
36	0	200	0.5703594095423
36.2	0	200	0.563332011795882
36.4	0	200	0.556278174143741
36.6	0	200	0.549199875281025
36.8	0	200	0.542099123775792
37	0	200	0.534977956668991
37.2	0	200	0.527838438021187
37.4	0	200	0.52068265740716
37.6	0	200	0.513512728359612
37.8	0	200	0.506330786763348
38	0	200	0.499138989201424
38.2	0	200	0.491939511254847
38.4	0	200	0.484734545757572
38.6	0	200	0.477526301008619
38.8	0	200	0.47031699894328
39	0	200	0.463108873265483
39.2	0	200	0.455904167543513
39.4	0	200	0.448705133271387
39.6	0	200	0.441514027898291
39.8	0	200	0.434333112828601
40	0	200	0.427164651395124
40.2	0	200	0.420010906808256
40.4	0	200	0.412874140083905
40.6	0	200	0.405756607953074
40.8	0	200	0.39866056075611
41	0	200	0.391588240324708
41.2	0	200	0.384541877854819
41.4	0	200	0.377523691773708
41.6	0	200	0.370535885604447
41.8	0	200	0.363580645831217
42	0	200	0.356660139768819
42.2	0	200	0.349776513439855
42.4	0	200	0.342931889463073
42.6	0	200	0.33612836495642
42.8	0	200	0.329368009458325
43	0	200	0.322652862870809
43.2	0	200	0.315984933427982
43.4	0	200	0.309366195693504
43.6	0	200	0.302798588590579
43.8	0	200	0.296284013468018
44	0	200	0.289824332205913
44.2	0	200	0.283421365364379
44.4	0	200	0.277076890378826
44.6	0	200	0.27079263980513
44.8	0	200	0.264570299618041
45	0	200	0.258411507566058
45.2	0	200	0.252317851585962
45.4	0	200	0.246290868280063
45.6	0	200	0.240332041459161
45.8	0	200	0.234442800754076
46	0	200	0.228624520298505
46.2	0	200	0.22287851748585
46.4	0	200	0.217206051802482
46.6	0	200	0.211608323739837
46.8	0	200	0.206086473787511
47	0	200	0.200641581509433
47.2	0	200	0.195274664704989
47.4	0	200	0.189986678656819
47.6	0	200	0.184778515466831
47.8	0	200	0.179651003481789
48	0	200	0.17460490680965
48.2	0	200	0.169640924927637
48.4	0	200	0.16475969238283
48.6	0	200	0.159961778585864
48.8	0	200	0.155247687698124
49	0	200	0.150617858612608
49.2	0	200	0.146072665028442
49.4	0	200	0.141612415618807
49.6	0	200	0.137237354291834
49.8	0	200	0.132947660543812
50	0	200	0.128743449903863
50.2	0	200	0.124624774468994
50.4	0	200	0.120591623528267
50.6	0	200	0.116643924274615
50.8	0	200	0.112781542602615
51	0	200	0.109004283990359
51.2	0	200	0.105311894463356
51.4	0	200	0.101704061638227
51.6	0	200	0.0981804158437499
51.8	0	200	0.0947405313166701
52	0	200	0.0913839274695017
52.2	0	200	0.0881100702273928
52.4	0	200	0.0849183734309817
52.6	0	200	0.0818082003020226
52.8	0	200	0.078778864968427
53	0	200	0.0758296340452486
53.2	0	200	0.0729597282680181
53.4	0	200	0.0701683241747369
53.6	0	200	0.0674545558327443
53.8	0	200	0.064817516606589
54	0	200	0.062256260962971
54.2	0	200	0.0597698063087547
54.4	0	200	0.0573571348580123
54.6	0	200	0.0550171955240189
54.8	0	200	0.0527489058320981
55	0	200	0.0505511538492062
55.2	0	200	0.0484228001261439
55.4	0	200	0.0463626796482966
55.6	0	200	0.0443696037908307
55.8	0	200	0.042442362274308
56	0	200	0.0405797251167294
56.2	0	200	0.0387804445780799
56.4	0	200	0.0370432570935141
56.6	0	200	0.0353668851914054
56.8	0	200	0.0337500393925737
57	0	200	0.0321914200871061
57.2	0	200	0.030689719385299
57.4	0	200	0.0292436229393681
57.6	0	200	0.0278518117327029
57.8	0	200	0.0265129638335799
58	0	200	0.0252257561103916
58.2	0	200	0.0239888659056013
58.4	0	200	0.0228009726657909
58.6	0	200	0.0216607595253327
58.8	0	200	0.0205669148413829
59	0	200	0.0195181336780705
59.2	0	200	0.0185131192379289
59.4	0	200	0.0175505842387971
59.6	0	200	0.0166292522346018
59.8	0	200	0.0157478588786106
60	0	200	0.0149051531279349
