0	0	200	1
0.2	0	200	0.999998130334507
0.4	0	200	0.999989780731557
0.6	0	200	0.999972399424948
0.8	0	200	0.999944144286321
1	0	200	0.999903499065444
1.2	0	200	0.999849148694537
1.4	0	200	0.999779918508207
1.6	0	200	0.999694739123204
1.8	0	200	0.999592623986665
2	0	200	0.999472654012389
2.2	0	200	0.999333966537163
2.4	0	200	0.999175747080653
2.6	0	200	0.998997223014583
2.8	0	200	0.998797658582946
3	0	200	0.998576350908483
3.2	0	200	0.998332626738086
3.4	0	200	0.998065839754036
3.6	0	200	0.997775368326736
3.8	0	200	0.997460613617548
4	0	200	0.997120997963229
4.2	0	200	0.996755963489684
4.4	0	200	0.996364970914574
4.6	0	200	0.995947498506959
4.8	0	200	0.995503041178704
5	0	200	0.99503110968732
5.2	0	200	0.994531229933719
5.4	0	200	0.994002942341359
5.6	0	200	0.993445801305577
5.8	0	200	0.992859374703795
6	0	200	0.992243243458765
6.2	0	200	0.991597001148255
6.4	0	200	0.990920253655538
6.6	0	200	0.99021261885589
6.8	0	200	0.989473726334968
7	0	200	0.988703217135484
7.2	0	200	0.987900743529086
7.4	0	200	0.987065968810744
7.6	0	200	0.986198567113256
7.8	0	200	0.985298223239815
8	0	200	0.984364632512772
8.2	0	200	0.983397500636988
8.4	0	200	0.982396543576308
8.6	0	200	0.981361487441874
8.8	0	200	0.980292068391119
9	0	200	0.97918803253639
9.2	0	200	0.978049135862288
9.4	0	200	0.976875144150852
9.6	0	200	0.975665832913847
9.8	0	200	0.974420987331448
10	0	200	0.97314040219668
10.2	0	200	0.971823881865068
10.4	0	200	0.970471240208926
10.6	0	200	0.96908230057585
10.8	0	200	0.967656895750926
11	0	200	0.966194867922276
11.2	0	200	0.964696068649562
11.4	0	200	0.963160358835078
11.6	0	200	0.961587608697141
11.8	0	200	0.959977697745454
12	0	200	0.958330514758186
12.2	0	200	0.956645957760494
12.4	0	200	0.954923934004264
12.6	0	200	0.953164359948832
12.8	0	200	0.951367161242488
13	0	200	0.949532272704557
13.2	0	200	0.947659638307887
13.4	0	200	0.945749211161562
13.6	0	200	0.943800953493683
13.8	0	200	0.941814836634065
14	0	200	0.939790840996718
14.2	0	200	0.937728956061955
14.4	0	200	0.935629180358028
14.6	0	200	0.933491521442164
14.8	0	200	0.931315995880874
15	0	200	0.929102629229462
15.2	0	200	0.926851456010604
15.4	0	200	0.924562519691921
15.6	0	200	0.92223587266246
15.8	0	200	0.919871576207983
16	0	200	0.917469700485008
16.2	0	200	0.915030324493512
16.4	0	200	0.912553536048232
16.6	0	200	0.910039431748503
16.8	0	200	0.907488116946564
17	0	200	0.904899705714286
17.2	0	200	0.902274320808247
17.4	0	200	0.89961209363313
17.6	0	200	0.89691316420338
17.8	0	200	0.894177681103076
18	0	200	0.891405801443981
18.2	0	200	0.88859769082174
18.4	0	200	0.885753523270168
18.6	0	200	0.882873481213624
18.8	0	200	0.879957755417416
19	0	200	0.877006544936224
19.2	0	200	0.874020057060518
19.4	0	200	0.870998507260934
19.6	0	200	0.867942119130605
19.8	0	200	0.864851124325417
20	0	200	0.861725762502186
20.2	0	200	0.85856628125473
20.4	0	200	0.855372936047834
20.6	0	200	0.852145990149099
20.8	0	200	0.848885714558665
21	0	200	0.845592387936803
21.2	0	200	0.842266296529374
21.4	0	200	0.838907734091163
21.6	0	200	0.835517001807073
21.8	0	200	0.83209440821119
22	0	200	0.828640269103735
22.2	0	200	0.825154907465889
22.4	0	200	0.821638653372513
22.6	0	200	0.818091843902776
22.8	0	200	0.814514823048686
23	0	200	0.810907941621564
23.2	0	200	0.807271557156448
23.4	0	200	0.803606033814472
23.6	0	200	0.79991174228321
23.8	0	200	0.796189059675034
24	0	200	0.792438369423486
24.2	0	200	0.788660061177697
24.4	0	200	0.784854530694883
24.6	0	200	0.781022179730928
24.8	0	200	0.7771634159291
25	0	200	0.77327865270692
25.2	0	200	0.769368309141214
25.4	0	200	0.765432809851388
25.6	0	200	0.761472584880945
25.8	0	200	0.757488069577297
26	0	200	0.753479704469896
26.2	0	200	0.74944793514672
26.4	0	200	0.745393212129164
26.6	0	200	0.741315990745364
26.8	0	200	0.737216731002002
27	0	200	0.733095897454628
27.2	0	200	0.728953959076553
27.4	0	200	0.724791389126345
27.6	0	200	0.720608665013977
27.8	0	200	0.716406268165684
28	0	200	0.712184683887556
28.2	0	200	0.707944401227934
28.4	0	200	0.703685912838653
28.6	0	200	0.69940971483517
28.8	0	200	0.695116306655648
29	0	200	0.690806190919034
29.2	0	200	0.686479873282187
29.4	0	200	0.68213786229611
29.6	0	200	0.677780669261341
29.8	0	200	0.673408808082555
30	0	200	0.669022795122433
30.2	0	200	0.664623149054857
30.4	0	200	0.660210390717487
30.6	0	200	0.655785042963767
30.8	0	200	0.65134763051444
31	0	200	0.6468986798086
31.2	0	200	0.642438718854367
31.4	0	200	0.63796827707923
31.6	0	200	0.633487885180117
31.8	0	200	0.628998074973254
32	0	200	0.624499379243878
32.2	0	200	0.619992331595852
32.4	0	200	0.615477466301255
32.6	0	200	0.610955318149997
32.8	0	200	0.606426422299528
33	0	200	0.601891314124693
33.2	0	200	0.597350529067804
33.4	0	200	0.59280460248898
33.6	0	200	0.588254069516819
33.8	0	200	0.583699464899467
34	0	200	0.579141322856137
34.2	0	200	0.574580176929142
34.4	0	200	0.570016559836503
34.6	0	200	0.565451003325194
34.8	0	200	0.560884038025072
35	0	200	0.556316193303568
35.2	0	200	0.551747997121186
35.4	0	200	0.547179975887872
35.6	0	200	0.542612654320313
35.8	0	200	0.538046555300223
36	0	200	0.533482199733668
36.2	0	200	0.528920106411497
36.4	0	200	0.524360791870928
36.6	0	200	0.519804770258343
36.8	0	200	0.515252553193354
37	0	200	0.510704649634189
37.2	0	200	0.506161565744453
37.4	0	200	0.501623804761318
37.6	0	200	0.497091866865192
37.8	0	200	0.492566249050919
38	0	200	0.488047445000568
38.2	0	200	0.483535944957841
38.4	0	200	0.479032235604176
38.6	0	200	0.474536799936569
38.8	0	200	0.470050117147174
39	0	200	0.465572662504729
39.2	0	200	0.461104907237843
39.4	0	200	0.456647318420198
39.6	0	200	0.452200358857702
39.8	0	200	0.44776448697764
40	0	200	0.443340156719858
40.2	0	200	0.43892781743003
40.4	0	200	0.434527913755031
40.6	0	200	0.430140885540468
40.8	0	200	0.4257671677304
41	0	200	0.421407190269273
41.2	0	200	0.417061378006126
41.4	0	200	0.412730150601071
41.6	0	200	0.408413922434108
41.8	0	200	0.404113102516276
42	0	200	0.399828094403202
42.2	0	200	0.395559296111036
42.4	0	200	0.391307100034836
42.6	0	200	0.3870718928694
42.8	0	200	0.382854055532586
43	0	200	0.378653963091128
43.2	0	200	0.374471984688982
43.4	0	200	0.37030848347821
43.6	0	200	0.366163816552428
43.8	0	200	0.36203833488283
44	0	200	0.357932383256803
44.2	0	200	0.353846300219149
44.4	0	200	0.349780418015928
44.6	0	200	0.345735062540923
44.8	0	200	0.341710553284753
45	0	200	0.337707203286624
45.2	0	200	0.333725319088737
45.4	0	200	0.329765200693354
45.6	0	200	0.32582714152253
45.8	0	200	0.321911428380502
46	0	200	0.318018341418746
46.2	0	200	0.314148154103708
46.4	0	200	0.310301133187183
46.6	0	200	0.306477538679369
46.8	0	200	0.302677623824563
47	0	200	0.298901635079521
47.2	0	200	0.295149812094449
47.4	0	200	0.291422387696633
47.6	0	200	0.287719587876692
47.8	0	200	0.284041631777443
48	0	200	0.280388731685367
48.2	0	200	0.276761093024658
48.4	0	200	0.27315891435385
48.6	0	200	0.269582387364988
48.8	0	200	0.266031696885345
49	0	200	0.262507020881653
49.2	0	200	0.25900853046683
49.4	0	200	0.255536389909186
49.6	0	200	0.252090756644083
49.8	0	200	0.248671781288019
50	0	200	0.245279607655132
50.2	0	200	0.241914372776064
50.4	0	200	0.238576206919191
50.6	0	200	0.235265233614178
50.8	0	200	0.231981569677817
51	0	200	0.228725325242146
51.2	0	200	0.225496603784789
51.4	0	200	0.222295502161507
51.6	0	200	0.219122110640911
51.8	0	200	0.215976512941319
52	0	200	0.212858786269705
52.2	0	200	0.209769001362715
52.4	0	200	0.206707222529716
52.6	0	200	0.203673507697829
52.8	0	200	0.20066790845892
53	0	200	0.197690470118505
53.2	0	200	0.194741231746524
53.4	0	200	0.191820226229959
53.6	0	200	0.188927480327238
53.8	0	200	0.186063014724394
54	0	200	0.183226844092934
54.2	0	200	0.180418977149376
54.4	0	200	0.177639416716413
54.6	0	200	0.174888159785652
54.8	0	200	0.172165197581895
55	0	200	0.169470515628909
55.2	0	200	0.166804093816649
55.4	0	200	0.164165906469874
55.6	0	200	0.16155592241813
55.8	0	200	0.158974105067034
56	0	200	0.156420412470831
56.2	0	200	0.153894797406163
56.4	0	200	0.15139720744701
56.6	0	200	0.148927585040759
56.8	0	200	0.146485867585348
57	0	200	0.14407198750744
57.2	0	200	0.141685872341581
57.4	0	200	0.139327444810294
57.6	0	200	0.136996622905063
57.8	0	200	0.134693319968155
58	0	200	0.13241744477524
58.2	0	200	0.130168901618756
58.4	0	200	0.127947590391974
58.6	0	200	0.125753406673715
58.8	0	200	0.123586241813678
59	0	200	0.121445983018321
59.2	0	200	0.119332513437259
59.4	0	200	0.117245712250128
59.6	0	200	0.115185454753873
59.8	0	200	0.113151612450403
60	0	200	0.111144053134587
