0	0	200	1
0.2	0	200	0.99999999973314
0.4	0	200	0.999999994828896
0.6	0	200	0.999999970717654
0.8	0	200	0.99999989979627
1	0	200	0.999999739803117
1.2	0	200	0.999999432577728
1.4	0	200	0.999998903036527
1.6	0	200	0.99999805829114
1.8	0	200	0.999996786869263
2	0	200	0.999994958013521
2.2	0	200	0.999992421042045
2.4	0	200	0.999989004759356
2.6	0	200	0.999984516909281
2.8	0	200	0.999978743663649
3	0	200	0.999971449141986
3.2	0	200	0.999962374958451
3.4	0	200	0.999951239793039
3.6	0	200	0.999937738984657
3.8	0	200	0.999921544144148
4	0	200	0.999902302785709
4.2	0	200	0.999879637975428
4.4	0	200	0.999853147995936
4.6	0	200	0.999822406026362
4.8	0	200	0.999786959836951
5	0	200	0.999746331497874
5.2	0	200	0.999700017101877
5.4	0	200	0.999647486500529
5.6	0	200	0.99958818305396
5.8	0	200	0.999521523394042
6	0	200	0.999446897201075
6.2	0	200	0.999363666994119
6.4	0	200	0.999271167935174
6.6	0	200	0.999168707647486
6.8	0	200	0.99905556604834
7	0	200	0.998930995196727
7.2	0	200	0.998794219156371
7.4	0	200	0.998644433874627
7.6	0	200	0.99848080707783
7.8	0	200	0.998302478183736
8	0	200	0.99810855823172
8.2	0	200	0.997898129831481
8.4	0	200	0.997670247131008
8.6	0	200	0.997423935804658
8.8	0	200	0.997158193062193
9	0	200	0.996871987679697
9.2	0	200	0.996564260053329
9.4	0	200	0.996233922276905
9.6	0	200	0.995879858244333
9.8	0	200	0.995500923777995
10	0	200	0.995095946784155
10.2	0	200	0.994663727436566
10.4	0	200	0.99420303838942
10.6	0	200	0.993712625020881
10.8	0	200	0.993191205708405
11	0	200	0.992637472137142
11.2	0	200	0.99205008964268
11.4	0	200	0.991427697589465
11.6	0	200	0.990768909786228
11.8	0	200	0.990072314939756
12	0	200	0.989336477148388
12.2	0	200	0.988559936436619
12.4	0	200	0.987741209332184
12.6	0	200	0.986878789487037
12.8	0	200	0.985971148343612
13	0	200	0.985016735847771
13.2	0	200	0.984013981209827
13.4	0	200	0.982961293715031
13.6	0	200	0.981857063584894
13.8	0	200	0.980699662890701
14	0	200	0.979487446520539
14.2	0	200	0.978218753201162
14.4	0	200	0.97689190657595
14.6	0	200	0.975505216340202
14.8	0	200	0.97405697943496
15	0	200	0.972545481300494
15.2	0	200	0.970968997190548
15.4	0	200	0.96932579354836
15.6	0	200	0.967614129445417
15.8	0	200	0.965832258083824
16	0	200	0.963978428363081
16.2	0	200	0.962050886511985
16.4	0	200	0.960047877786254
16.6	0	200	0.957967648232389
16.8	0	200	0.955808446518161
17	0	200	0.953568525829994
17.2	0	200	0.951246145837387
17.4	0	200	0.948839574724387
17.6	0	200	0.946347091287957
17.8	0	200	0.943766987102954
18	0	200	0.941097568753265
18.2	0	200	0.938337160128452
18.4	0	200	0.935484104785115
18.6	0	200	0.932536768371968
18.8	0	200	0.929493541117426
19	0	200	0.926352840378313
19.2	0	200	0.923113113248069
19.4	0	200	0.919772839222615
19.6	0	200	0.916330532921812
19.8	0	200	0.912784746864217
20	0	200	0.909134074292557
20.2	0	200	0.905377152047154
20.4	0	200	0.901512663484203
20.6	0	200	0.897539341435595
20.8	0	200	0.893455971206681
21	0	200	0.88926139360809
21.2	0	200	0.884954508017458
21.4	0	200	0.880534275466614
21.6	0	200	0.87599972174949
21.8	0	200	0.871349940545751
22	0	200	0.866584096554805
22.2	0	200	0.861701428634606
22.4	0	200	0.856701252939347
22.6	0	200	0.851582966049848
22.8	0	200	0.846346048090165
23	0	200	0.840990065823661
23.2	0	200	0.835514675721492
23.4	0	200	0.829919626996198
23.6	0	200	0.824204764592817
23.8	0	200	0.818370032129687
24	0	200	0.812415474780856
24.2	0	200	0.806341242091785
24.4	0	200	0.80014759071981
24.6	0	200	0.793834887090617
24.8	0	200	0.787403609961825
25	0	200	0.780854352884555
25.2	0	200	0.774187826553766
25.4	0	200	0.767404861037977
25.6	0	200	0.760506407878909
25.8	0	200	0.753493542051502
26	0	200	0.746367463774699
26.2	0	200	0.739129500163401
26.4	0	200	0.731781106711977
26.6	0	200	0.724323868599758
26.8	0	200	0.716759501809048
27	0	200	0.709089854046278
27.2	0	200	0.701316905457067
27.4	0	200	0.693442769126178
27.6	0	200	0.685469691353552
27.8	0	200	0.677400051697893
28	0	200	0.669236362779582
28.2	0	200	0.660981269835056
28.4	0	200	0.652637550015176
28.6	0	200	0.644208111420575
28.8	0	200	0.635695991867438
29	0	200	0.627104357377726
29.2	0	200	0.618436500388412
29.4	0	200	0.609695837674947
29.6	0	200	0.600885907984805
29.8	0	200	0.592010369377734
30	0	200	0.583072996270012
30.2	0	200	0.574077676180889
30.4	0	200	0.565028406180185
30.6	0	200	0.5559292890369
30.8	0	200	0.54678452906964
31	0	200	0.537598427700566
31.2	0	200	0.528375378715603
31.4	0	200	0.519119863234633
31.6	0	200	0.509836444396433
31.8	0	200	0.500529761764215
32	0	200	0.491204525458659
32.2	0	200	0.481865510026472
32.4	0	200	0.472517548053583
32.6	0	200	0.463165523533212
32.8	0	200	0.453814365000185
33	0	200	0.444469038443923
33.2	0	200	0.435134540013716
33.4	0	200	0.425815888530907
33.6	0	200	0.416518117823738
33.8	0	200	0.407246268901619
34	0	200	0.398005381986597
34.2	0	200	0.388800488420801
34.4	0	200	0.379636602469536
34.6	0	200	0.370518713040593
34.8	0	200	0.361451775341179
35	0	200	0.352440702494603
35.2	0	200	0.34349035713958
35.4	0	200	0.334605543035612
35.6	0	200	0.325790996698441
35.8	0	200	0.317051379090059
36	0	200	0.308391267388075
36.2	0	200	0.299815146859542
36.4	0	200	0.291327402864516
36.6	0	200	0.282932313014654
36.8	0	200	0.274634039512165
37	0	200	0.266436621694229
37.2	0	200	0.258343968807759
37.4	0	200	0.250359853039008
37.6	0	200	0.242487902821994
37.8	0	200	0.234731596449146
38	0	200	0.227094256006791
38.2	0	200	0.219579041657306
38.4	0	200	0.212188946288755
38.6	0	200	0.204926790551776
38.8	0	200	0.197795218302272
39	0	200	0.19079669246721
39.2	0	200	0.183933491349362
39.4	0	200	0.177207705385401
39.6	0	200	0.170621234370131
39.8	0	200	0.164175785157958
40	0	200	0.15787286985099
40.2	0	200	0.151713804481297
40.4	0	200	0.145699708192996
40.6	0	200	0.139831502927895
40.8	0	200	0.134109913616435
41	0	200	0.128535468873697
41.2	0	200	0.123108502198146
41.4	0	200	0.117829153668819
41.6	0	200	0.112697372134562
41.8	0	200	0.107712917886933
42	0	200	0.102875365806348
42.2	0	200	0.0981841089691254
42.4	0	200	0.0936383627011242
42.6	0	200	0.0892371690618243
42.8	0	200	0.0849794017409192
43	0	200	0.080863771347771
43.2	0	200	0.0768888310724634
43.4	0	200	0.0730529826956861
43.6	0	200	0.0693544829232743
43.8	0	200	0.0657914500199578
44	0	200	0.0623618707157235
44.2	0	200	0.059063607357185
44.4	0	200	0.0558944052754893
44.6	0	200	0.0528519003415737
44.8	0	200	0.049933626679025
45	0	200	0.0471370245043896
45.2	0	200	0.0444594480645408
45.4	0	200	0.0418981736406275
45.6	0	200	0.0394504075882131
45.8	0	200	0.0371132943834507
46	0	200	0.0348839246455502
46.2	0	200	0.0327593431063424
46.4	0	200	0.0307365564984638
46.6	0	200	0.0288125413345341
46.8	0	200	0.0269842515506999
47	0	200	0.0252486259890436
47.2	0	200	0.0236025956946098
47.4	0	200	0.0220430910041676
47.6	0	200	0.0205670484052999
47.8	0	200	0.0191714171459728
48	0	200	0.0178531655763911
48.2	0	200	0.0166092872066556
48.4	0	200	0.015436806465523
48.6	0	200	0.0143327841473803
48.8	0	200	0.0132943225364087
49	0	200	0.012318570198776
49.2	0	200	0.0114027264355845
49.4	0	200	0.0105440453911673
49.6	0	200	0.00973983981318759
49.8	0	200	0.00898748446281375
50	0	200	0.00828441917503018
50.2	0	200	0.00762815157086665
50.4	0	200	0.00701625942499782
50.6	0	200	0.00644639269375071
50.8	0	200	0.00591627521006854
51	0	200	0.00542370605339388
51.2	0	200	0.00496656060375381
51.4	0	200	0.00454279129054401
51.6	0	200	0.00415042804761406
51.8	0	200	0.00378757848724771
52	0	200	0.0034524278065081
52.2	0	200	0.00314323844017321
52.4	0	200	0.00285834947512572
52.6	0	200	0.0025961758415774
52.8	0	200	0.00235520729690869
53	0	200	0.00213400721818538
53.2	0	200	0.00193121121958371
53.4	0	200	0.00174552561101327
53.6	0	200	0.00157572571418039
53.8	0	200	0.00142065405218648
54	0	200	0.00127921842851427
54.2	0	200	0.00115038991092366
54.4	0	200	0.00103320073536697
54.6	0	200	0.000926742144547299
54.8	0	200	0.000830162175189853
55	0	200	0.000742663407484718
55.2	0	200	0.000663500689495262
55.4	0	200	0.000591978848620382
55.6	0	200	0.000527450401456075
55.8	0	200	0.000469313272632361
56	0	200	0.000417008532411418
56.2	0	200	0.000370018162030182
56.4	0	200	0.000327862854962134
56.6	0	200	0.000290099861465445
56.8	0	200	0.000256320882984182
57	0	200	0.000226150022181872
57.2	0	200	0.00019924179361736
57.4	0	200	0.000175279199326928
57.6	0	200	0.000153971872857707
57.8	0	200	0.000135054294609835
58	0	200	0.000118284080691448
58.2	0	200	0.000103440346874194
58.4	0	200	9.03221486597866e-05
58.6	0	200	7.87469979315845e-05
58.8	0	200	6.85494561705769e-05
59	0	200	5.95798037631032e-05
59.2	0	200	5.17027845181999e-05
59.4	0	200	4.47964241456711e-05
59.6	0	200	3.87509211209745e-05
59.8	0	200	3.34676080790668e-05
60	0	200	2.88579816350558e-05
