0	0	200	1
0.2	0	200	0.999999066328523
0.4	0	200	0.999994678910944
0.6	0	200	0.999985272892221
0.8	0	200	0.999969674882897
1	0	200	0.999946897719408
1.2	0	200	0.999916071429448
1.4	0	200	0.999876408942493
1.6	0	200	0.999827185996399
1.8	0	200	0.999767728144129
2	0	200	0.999697401774741
2.2	0	200	0.999615607602767
2.4	0	200	0.999521775771874
2.6	0	200	0.999415362065488
2.8	0	200	0.999295844905582
3	0	200	0.999162722930159
3.2	0	200	0.999015513006582
3.4	0	200	0.998853748580348
3.6	0	200	0.998676978286814
3.8	0	200	0.998484764772399
4	0	200	0.998276683684994
4.2	0	200	0.998052322802766
4.4	0	200	0.997811281277388
4.6	0	200	0.997553168972822
4.8	0	200	0.997277605884588
5	0	200	0.99698422162738
5.2	0	200	0.996672654981147
5.4	0	200	0.996342553487485
5.6	0	200	0.995993573089638
5.8	0	200	0.995625377810442
6	0	200	0.99523763946351
6.2	0	200	0.994830037393633
6.4	0	200	0.994402258242987
6.6	0	200	0.993953995740224
6.8	0	200	0.993484950509931
7	0	200	0.992994829900258
7.2	0	200	0.992483347826851
7.4	0	200	0.991950224631402
7.6	0	200	0.991395186953382
7.8	0	200	0.990817967613672
8	0	200	0.99021830550896
8.2	0	200	0.989595945515903
8.4	0	200	0.988950638404162
8.6	0	200	0.988282140757503
8.8	0	200	0.987590214902268
9	0	200	0.986874628842553
9.2	0	200	0.986135156201531
9.4	0	200	0.985371576168388
9.6	0	200	0.984583673450403
9.8	0	200	0.983771238229743
10	0	200	0.982934066124575
10.2	0	200	0.982071958154148
10.4	0	200	0.981184720707505
10.6	0	200	0.980272165515545
10.8	0	200	0.979334109626133
11	0	200	0.978370375382039
11.2	0	200	0.97738079040143
11.4	0	200	0.976365187560748
11.6	0	200	0.975323404979726
11.8	0	200	0.974255286008394
12	0	200	0.973160679215883
12.2	0	200	0.972039438380871
12.4	0	200	0.97089142248352
12.6	0	200	0.969716495698771
12.8	0	200	0.968514527390859
13	0	200	0.967285392108928
13.2	0	200	0.966028969583629
13.4	0	200	0.964745144724597
13.6	0	200	0.963433807618709
13.8	0	200	0.96209485352901
14	0	200	0.960728182894235
14.2	0	200	0.959333701328843
14.4	0	200	0.957911319623456
14.6	0	200	0.956460953745664
14.8	0	200	0.954982524841092
15	0	200	0.953475959234677
15.2	0	200	0.951941188432092
15.4	0	200	0.950378149121235
15.6	0	200	0.948786783173753
15.8	0	200	0.947167037646518
16	0	200	0.945518864783018
16.2	0	200	0.94384222201461
16.4	0	200	0.942137071961573
16.6	0	200	0.940403382433938
16.8	0	200	0.938641126432026
17	0	200	0.936850282146669
17.2	0	200	0.935030832959066
17.4	0	200	0.933182767440232
17.6	0	200	0.931306079350014
17.8	0	200	0.929400767635624
18	0	200	0.927466836429667
18.2	0	200	0.925504295047627
18.4	0	200	0.923513157984774
18.6	0	200	0.921493444912472
18.8	0	200	0.919445180673853
19	0	200	0.91736839527883
19.2	0	200	0.915263123898426
19.4	0	200	0.913129406858391
19.6	0	200	0.910967289632081
19.8	0	200	0.908776822832583
20	0	200	0.906558062204056
20.2	0	200	0.904311068612271
20.4	0	200	0.902035908034335
20.6	0	200	0.899732651547565
20.8	0	200	0.897401375317511
21	0	200	0.895042160585102
21.2	0	200	0.892655093652898
21.4	0	200	0.890240265870434
21.6	0	200	0.887797773618646
21.8	0	200	0.885327718293354
22	0	200	0.882830206287801
22.2	0	200	0.880305348974229
22.4	0	200	0.87775326268448
22.6	0	200	0.875174068689617
22.8	0	200	0.872567893178549
23	0	200	0.869934867235649
23.2	0	200	0.867275126817369
23.4	0	200	0.86458881272783
23.6	0	200	0.861876070593384
23.8	0	200	0.859137050836148
24	0	200	0.856371908646495
24.2	0	200	0.853580803954506
24.4	0	200	0.850763901400367
24.6	0	200	0.847921370303723
24.8	0	200	0.845053384631971
25	0	200	0.842160122967496
25.2	0	200	0.839241768473854
25.4	0	200	0.836298508860889
25.6	0	200	0.83333053634879
25.8	0	200	0.830338047631094
26	0	200	0.827321243836623
26.2	0	200	0.824280330490368
26.4	0	200	0.821215517473311
26.6	0	200	0.818127018981202
26.8	0	200	0.815015053482282
27	0	200	0.811879843673958
27.2	0	200	0.808721616438441
27.4	0	200	0.805540602797342
27.6	0	200	0.802337037865245
27.8	0	200	0.79911116080225
28	0	200	0.795863214765495
28.2	0	200	0.792593446859679
28.4	0	200	0.789302108086568
28.6	0	200	0.785989453293517
28.8	0	200	0.782655741121007
29	0	200	0.779301233949198
29.2	0	200	0.775926197843527
29.4	0	200	0.772530902499342
29.6	0	200	0.769115621185598
29.8	0	200	0.765680630687623
30	0	200	0.762226211248954
30.2	0	200	0.758752646512278
30.4	0	200	0.75526022345947
30.6	0	200	0.751749232350755
30.8	0	200	0.748219966663005
31	0	200	0.74467272302718
31.2	0	200	0.741107801164933
31.4	0	200	0.7375255038244
31.6	0	200	0.733926136715179
31.8	0	200	0.730310008442521
32	0	200	0.726677430440754
32.2	0	200	0.723028716905946
32.4	0	200	0.719364184727838
32.6	0	200	0.715684153421054
32.8	0	200	0.711988945055613
33	0	200	0.708278884186762
33.2	0	200	0.704554297784141
33.4	0	200	0.700815515160316
33.6	0	200	0.697062867898679
33.8	0	200	0.693296689780759
34	0	200	0.689517316712939
34.2	0	200	0.685725086652628
34.4	0	200	0.681920339533881
34.6	0	200	0.678103417192512
34.8	0	200	0.674274663290711
35	0	200	0.670434423241187
35.2	0	200	0.666583044130863
35.4	0	200	0.662720874644146
35.6	0	200	0.658848264985794
35.8	0	200	0.654965566803398
36	0	200	0.651073133109517
36.2	0	200	0.647171318203475
36.4	0	200	0.643260477592848
36.6	0	200	0.639340967914677
36.8	0	200	0.635413146856411
37	0	200	0.631477373076621
37.2	0	200	0.627534006125506
37.4	0	200	0.623583406365211
37.6	0	200	0.619625934889986
37.8	0	200	0.615661953446217
38	0	200	0.611691824352337
38.2	0	200	0.607715910418665
38.4	0	200	0.603734574867183
38.6	0	200	0.59974818125128
38.8	0	200	0.595757093375496
39	0	200	0.591761675215276
39.2	0	200	0.587762290836781
39.4	0	200	0.583759304316763
39.6	0	200	0.579753079662541
39.8	0	200	0.575743980732102
40	0	200	0.57173237115435
40.2	0	200	0.567718614249527
40.4	0	200	0.563703072949846
40.6	0	200	0.559686109720338
40.8	0	200	0.555668086479964
41	0	200	0.551649364523002
41.2	0	200	0.547630304440732
41.4	0	200	0.543611266043463
41.6	0	200	0.539592608282909
41.8	0	200	0.535574689174944
42	0	200	0.531557865722771
42.2	0	200	0.527542493840511
42.4	0	200	0.523528928277262
42.6	0	200	0.519517522541628
42.8	0	200	0.515508628826759
43	0	200	0.511502597935918
43.2	0	200	0.507499779208604
43.4	0	200	0.503500520447253
43.6	0	200	0.49950516784454
43.8	0	200	0.495514065911308
44	0	200	0.491527557405142
44.2	0	200	0.487545983259615
44.4	0	200	0.483569682514236
44.6	0	200	0.479598992245101
44.8	0	200	0.475634247496293
45	0	200	0.471675781212038
45.2	0	200	0.467723924169645
45.4	0	200	0.463779004913249
45.6	0	200	0.459841349688373
45.8	0	200	0.455911282377341
46	0	200	0.451989124435553
46.2	0	200	0.448075194828641
46.4	0	200	0.444169809970534
46.6	0	200	0.44027328366244
46.8	0	200	0.436385927032773
47	0	200	0.432508048478039
47.2	0	200	0.428639953604693
47.4	0	200	0.424781945172
47.6	0	200	0.420934323035899
47.8	0	200	0.417097384093898
48	0	200	0.413271422231014
48.2	0	200	0.409456728266766
48.4	0	200	0.405653589903254
48.6	0	200	0.401862291674309
48.8	0	200	0.398083114895766
49	0	200	0.39431633761684
49.2	0	200	0.390562234572634
49.4	0	200	0.386821077137796
49.6	0	200	0.383093133281324
49.8	0	200	0.379378667522538
50	0	200	0.375677940888236
50.2	0	200	0.371991210871029
50.4	0	200	0.368318731388881
50.6	0	200	0.364660752745857
50.8	0	200	0.361017521594085
51	0	200	0.357389280896942
51.2	0	200	0.353776269893483
51.4	0	200	0.350178724064102
51.6	0	200	0.346596875097445
51.8	0	200	0.343030950858578
52	0	200	0.339481175358415
52.2	0	200	0.335947768724411
52.4	0	200	0.332430947172528
52.6	0	200	0.328930922980476
52.8	0	200	0.32544790446223
53	0	200	0.321982095943831
53.2	0	200	0.318533697740473
53.4	0	200	0.315102906134873
53.6	0	200	0.311689913356934
53.8	0	200	0.30829490756469
54	0	200	0.304918072826552
54.2	0	200	0.301559589104829
54.4	0	200	0.298219632240553
54.6	0	200	0.29489837393958
54.8	0	200	0.291595981759983
55	0	200	0.288312619100728
55.2	0	200	0.285048445191629
55.4	0	200	0.281803615084585
55.6	0	200	0.278578279646088
55.8	0	200	0.275372585550997
56	0	200	0.272186675277587
56.2	0	200	0.269020687103847
56.4	0	200	0.265874755105037
56.6	0	200	0.262749009152493
56.8	0	200	0.259643574913668
57	0	200	0.25655857385341
57.2	0	200	0.253494123236464
57.4	0	200	0.250450336131187
57.6	0	200	0.247427321414483
57.8	0	200	0.244425183777918
58	0	200	0.241444023735044
58.2	0	200	0.238483937629886
58.4	0	200	0.235545017646609
58.6	0	200	0.232627351820334
58.8	0	200	0.229731024049104
59	0	200	0.226856114106985
59.2	0	200	0.224002697658283
59.4	0	200	0.221170846272878
59.6	0	200	0.218360627442648
59.8	0	200	0.215572104598976
60	0	200	0.212805337131328
